1.26 15.73
1.89 40.45
2.68 71.91
2.52 114.61
2.99 152.81
3.15 179.78
3.78 238.20
3.78 276.40
4.41 325.84
4.41 359.55
4.72 408.99
5.35 458.43
5.67 494.38
5.67 530.34
6.61 591.01
6.61 606.74
7.72 676.40
8.03 734.83
8.98 838.20
9.76 878.65
10.24 928.09
11.18 973.03
12.13 1026.97
13.54 1062.92
14.65 1085.39
15.91 1101.12
17.01 1083.15
18.58 1067.42
19.53 1035.96
20.63 1017.98
22.05 993.26
23.94 957.30
25.51 921.35
26.46 901.12
27.72 876.40
29.13 851.69
30.87 808.99
32.44 777.53
33.39 759.55
34.17 732.58
35.59 703.37
36.85 676.40
38.58 644.94
40.79 582.02
42.36 559.55
43.62 521.35
45.20 498.88
46.46 476.40
47.72 435.96
49.61 379.78
51.02 350.56
52.91 319.10
54.96 280.90
56.38 256.18
59.06 197.75
62.05 175.28
64.72 157.30
67.09 139.33
69.76 121.35
72.28 107.87
75.12 94.38
77.64 76.40
81.89 56.18
84.57 33.71
88.19 22.47
90.55 8.99
93.54 0.00
