-8.00 67.83
-7.16 171.57
-6.74 277.31
-6.11 379.05
-4.63 486.78
-3.16 588.53
-1.68 692.27
2.32 901.75
5.05 937.66
6.74 915.71
8.63 897.76
9.89 879.80
10.95 849.88
15.58 752.12
20.00 682.29
24.42 588.53
28.42 504.74
30.74 474.81
33.47 410.97
36.21 359.10
38.95 313.22
40.84 265.34
42.53 241.40
43.79 235.41
43.79 197.51
46.74 179.55
55.16 149.63
68.84 103.74
77.47 73.82
81.68 61.85
84.84 51.87
89.26 39.90
93.26 23.94
96.84 19.95
99.16 5.99
102.53 -7.98
105.26 -21.95
108.63 -31.92
110.32 -33.92
1.47 855.86
-0.63 750.12
-2.95 626.43
-3.58 526.68
-5.05 416.96
-5.68 319.20
-6.74 225.44
-7.37 111.72
-8.84 19.95
-8.84 -7.98
-10.11 -27.93
-10.32 -33.92
