0.93 0.00
1.86 1.74
2.09 8.72
2.33 13.95
2.79 20.93
2.79 31.40
3.02 40.12
3.02 46.51
3.49 51.74
3.49 59.30
3.26 64.53
3.72 73.84
4.19 84.30
3.95 94.77
3.95 103.49
4.42 113.95
4.42 123.26
4.88 129.65
4.65 139.53
4.88 147.67
6.05 141.86
6.28 131.40
7.21 123.84
8.14 113.95
8.37 102.91
9.30 95.35
10.00 86.63
10.70 76.74
11.16 69.19
11.86 58.72
13.02 48.26
13.95 38.95
14.42 28.49
15.35 20.35
16.28 12.21
17.21 2.91
18.37 -5.81
18.37 -11.05
18.84 -18.60
19.30 -25.58
20.23 -15.70
20.93 -20.93
21.40 -23.84
22.33 -18.60
23.72 -19.19
25.35 -20.35
26.74 -20.35
27.52 -16.67
27.98 -14.34
28.60 -20.16
28.45 -27.13
29.07 -30.62
29.69 -25.58
29.84 -19.77
30.62 -23.64
31.55 -22.87
32.48 -22.09
33.41 -22.09
34.03 -17.05
34.34 -12.02
34.65 -7.36
35.12 -16.28
35.12 -22.87
35.74 -26.74
35.89 -27.91
36.51 -20.93
38.06 -21.32
39.77 -21.71
41.78 -22.48
44.11 -22.48
45.81 -20.93
46.90 -18.60
47.36 -20.93
47.98 -25.19
48.45 -27.52
49.22 -18.60
49.53 -17.44
50.78 -24.42
51.71 -22.48
53.41 -22.48
55.58 -22.48
56.36 -22.09
56.51 -18.99
57.13 -10.47
57.13 -3.88
57.29 -2.71
58.06 -23.26
57.75 -26.36
57.75 -33.33
57.60 -38.37
57.91 -45.35
58.06 -46.51
58.37 -41.09
58.68 -34.11
58.84 -26.74
58.99 -19.77
59.30 -13.18
59.46 -4.65
59.92 -4.26
60.70 -7.36
61.94 -6.98
63.95 -6.59
65.66 -6.20
67.83 -6.20
70.47 -6.20
72.95 -5.43
75.43 -5.43
77.60 -5.43
80.08 -5.81
82.25 -5.81
85.97 -5.81
87.83 -5.81
88.76 -5.81
89.84 -3.10
91.09 -1.55
91.86 0.39
94.65 0.39
95.58 0.39
