19    14.9   16.2  19.09   13.8  23.56    6.0    0.0     0.0  3.0    14.0  19.54   292.5
20    16.7   21.6  14.52   13.6  04.29    1.3    0.0     0.0  4.3    24.1  09.16   292.5
21    15.5   20.3  11.59   13.8  22.50    2.3    0.0    13.5  2.0    30.6  13.19   270
22    14.7   17.9  15.55   12.9  23.25    5.3    0.0     0.5  4.0    25.2  14.45   315
23    14.9   19.9  15.45   10.3  06.11    5.8    0.0     0.0  2.9    16.9  14.01   90
24    15.2   19.6  15.31   12.3  23.42    4.3    0.0     0.0  2.5    19.4  15.33   292.5
25    14.8   19.8  15.14   11.2  04.48    5.1    0.0     0.0  3.1    20.9  12.57   270
26    15.1   19.9  15.08   11.4  03.04    4.8    0.0     0.0  3.4    20.2  15.48   315
27    15.1   19.9  13.36   11.6  06.06    4.7    0.0     0.0  3.4    18.0  13.39   315
28    14.9   20.1  14.35   11.6  06.32    4.5    0.0     0.0  3.5    20.5  12.36   292.5
29    16.0   22.1  16.31   10.4  06.45    3.8    0.0     0.0  2.5    18.0  18.26   247.5
30    16.7   21.9  16.49   12.4  05.19    2.1    0.0     0.0  2.5    17.3  16.15   225
01    17.1   23.3  13.34   11.6  06.45    1.6    0.0     0.0  3.0    22.3  15.21   225
02    17.3   21.3  16.09   14.6  09.58    0.7    0.0    11.9  5.4    29.5  13.59   225
03    17.7   22.8  14.04   13.2  07.11    0.6    0.0     0.0  4.4    33.5  12.04   247.5
04    14.6   17.5  14.00   11.9  23.28    6.5    0.0     0.0  2.8    23.4  14.39   22.5
05    11.8   15.4  16.04    9.6  23.47   10.5    0.0     1.0  4.3    20.9  14.02   0
06    10.7   14.4  13.47    8.3  03.36   12.6    0.0     1.0  1.5    31.7  21.09   112.5
07    11.5   17.5  10.48    7.8  23.33   10.2    0.0    18.6  4.0    32.4  10.55   270
08    12.7   18.5  15.50    7.3  06.24    9.8    0.0     0.0  3.2    22.7  21.55   225
09    14.1   19.9  14.07   10.3  07.06    5.8    0.0     0.0  3.3    29.9  15.16   270
10    13.4   20.2  14.22    9.9  05.06    5.9    0.0     1.6  3.4    31.0  13.04   270
11     9.9   11.5  14.30    8.4  23.54   15.1    0.0     3.1  2.0    19.4  23.10   315
12     8.6   12.8  13.46    4.9  07.22   17.1    0.0     1.0  3.4    23.0  10.49   315
13     9.4   14.3  15.25    5.1  06.13   15.5    0.0     0.0  1.4    10.1  17.08   247.5
14    16.4   23.3  15.11   11.1  00.00    2.0    0.0     0.0  2.9    40.7  23.23   135
15    19.3   22.4  15.28   13.8  23.46    0.4    0.0     2.1  8.2    31.7  00.33   202.5
16    14.6   19.3  15.17   12.1  07.12    4.7    0.0     0.0  2.6    16.9  15.57   292.5
17    13.9   19.1  14.24    8.8  07.36    7.9    0.0     0.5  1.1    12.2  12.36   270
18    12.8   16.3  14.17   10.9  23.55    8.5    0.0     2.6  1.0    13.0  11.30   225
19    13.1   19.1  14.49    7.3  07.19    9.2    0.0     0.5  3.3    19.8  21.48   225
20    14.0   17.9  14.13   11.3  03.20    6.7    0.0     0.0  4.7    34.2  11.38   225
21    13.6   16.4  14.27   11.7  21.18    7.7    0.0     0.5  3.1    21.6  02.38   225
22    12.3   16.2  14.49    9.8  07.00    9.6    0.0     0.0  1.8    16.2  14.49   90
23    12.6   18.1  16.36    8.7  07.11    8.9    0.0     0.0  1.0    19.8  14.47   270
24    16.4   22.4  15.21   11.8  06.49    2.2    0.0     0.5  1.1    10.1  13.46   247.5
25    19.9   26.5  14.22   15.0  00.10    0.0    4.3     0.0  2.2    19.1  10.57   247.5
26    18.0   20.6  03.11   14.9  23.22    1.0    0.0     3.6  2.6    16.9  04.47   270
27    12.1   15.0  00.01    9.2  23.48   11.2    0.0    14.0  6.3    31.0  15.10   315
28     9.5   12.1  15.23    8.1  07.03   14.8    0.0     0.0  9.2    37.1  15.14   315
29    10.6   15.5  13.35    7.2  04.18   12.6    0.0     0.5  4.2    22.7  14.30   315
30    11.9   15.4  12.44    9.2  20.49   10.9    0.0     0.0  5.5    29.5  13.29   315
31    10.0   12.8  13.47    6.7  23.39   15.4    0.0     0.0  5.5    28.1  09.41   315
01    10.7   16.3  12.49    5.6  05.51   13.3    0.0     0.0  1.9    14.4  13.32   270
02    12.9   17.5  12.55    8.3  03.21    9.8    0.0     0.0  5.3    38.9  11.34   247.5
03    13.1   17.0  13.21   10.6  23.33    8.2    0.0     0.0  4.6    36.7  08.53   225
04    11.6   17.6  14.27    8.2  05.48    9.8    0.0     0.0  2.3    20.9  14.52   247.5
05    14.1   18.1  12.14    9.4  05.17    8.2    0.0     0.0  8.8    49.7  23.41   202.5
06    16.5   18.9  10.36   13.8  22.41    3.6    0.0    22.8 17.3    59.8  10.41   202.5
07    11.8   14.7  11.02    8.3  23.56   12.3    0.0     6.7  6.9    33.8  03.26   225
08     9.1   13.1  13.06    5.6  23.47   16.2    0.0    17.1  3.5    25.9  22.50   270
09     7.3   10.1  11.41    5.5  00.12   19.0    0.0     1.0  2.1    18.7  23.43   270
10     8.2   12.9  13.16    4.7  04.48   17.2    0.0     1.0  4.6    33.8  12.28   247.5
11     9.4   14.1  10.51    5.4  01.50   15.4    0.0    18.7  5.7    38.9  19.16   247.5
12     6.9   10.5  13.16    4.2  20.46   19.8    0.0     0.5  6.8    38.9  06.36   270
13     6.8   11.1  13.11    3.3  06.15   20.0    0.0     0.0  2.1    18.4  13.11   270
14     6.8    8.5  12.54    5.5  04.36   20.4    0.0     0.5  1.5    16.9  10.49   45
15     6.4    7.8  12.43    5.4  22.52   21.1    0.0     0.0  3.6    19.8  06.34   0
16     6.7   11.3  14.39    3.4  05.19   19.8    0.0     0.0  1.5    16.9  21.16   247.5
17     8.6   14.6  13.46    4.4  00.57   15.9    0.0     0.0  1.0     8.6  06.10   247.5
18    12.8   17.9  13.11    8.2  00.35    9.5    0.0     0.0  2.9    21.6  13.25   247.5
19    13.0   16.3  12.56   11.0  22.21    8.4    0.0     1.0  6.0    40.3  09.44   202.5
20    12.8   17.6  12.17    9.0  07.07    9.1    0.0     0.0  1.9    16.9  15.12   247.5
21    12.4   17.6  13.50    8.9  04.35    9.2    0.0     0.0  2.4    19.8  12.53   247.5
22    12.7   17.9  13.20    9.4  04.18    8.4    0.0     0.0  2.2    17.3  14.11   247.5
23    13.0   17.9  11.48    9.5  06.54    8.3    0.0     0.0  2.4    19.4  13.58   247.5
24    12.9   16.7  12.50    9.2  06.43    9.7    0.0     0.0  2.4    19.8  23.05   202.5
25    11.8   15.3  12.14    8.9  22.42   11.2    0.0    28.0  2.8    23.0  18.51   225
26    10.2   14.8  13.13    7.0  23.58   13.4    0.0     0.0  1.7    18.0  00.48   270
27     8.7   13.6  12.50    4.9  02.12   16.3    0.0     0.5  1.3    12.2  21.58   270
28     8.0   11.3  13.11    3.3  23.55   19.9    0.0     1.6  4.4    31.7  20.04   315
29     1.8    3.3  00.00    0.6  06.50   29.5    0.0     0.0 11.3    37.1  15.02   0
30     2.7    5.6  14.39    0.9  21.59   27.2    0.0     0.0  8.6    35.6  01.14   315
01     4.2    9.8  13.21    0.6  01.35   23.6    0.0     0.0  1.1    11.2  13.14   270
02     6.7   12.1  13.10    2.4  00.31   20.0    0.0     0.0  4.1    29.9  11.21   270
03     7.3   10.5  13.13    3.8  03.02   20.1    0.0     0.0  0.7     8.6  12.56   247.5
04     7.1   10.2  14.00    5.1  21.47   19.2    0.0     0.0  1.6    13.7  12.05   270
05     7.0   11.6  13.50    3.8  06.26   19.1    0.0     0.0  1.5    19.1  01.53   270
06     6.6    9.8  12.20    4.2  01.26   20.4    0.0     0.0  1.4    11.5  23.52   270
07     7.3    9.3  12.42    5.6  22.00   19.6    0.0     0.5  5.2    27.7  09.18   315
08     5.9   10.2  14.20    3.4  23.42   20.8    0.0     0.0  2.2    27.4  04.05   270
09     7.3   15.3  13.52    2.6  06.47   16.9    0.0     0.0  1.3    11.9  03.42   270
10     6.9   13.1  13.41    3.1  05.21   18.4    0.0     0.0  1.4     6.8  11.31   270
11     6.6   11.8  13.21    2.8  06.11   19.9    0.0     0.0  1.6    16.9  15.43   292.5
12     7.1    9.6  11.19    4.6  21.19   20.2    0.0     2.1  4.8    32.4  14.41   315
13     5.6    8.1  12.50    2.4  23.52   23.5    0.0     0.0  4.8    27.4  01.38   315
14     5.0   10.8  14.13    1.4  07.15   22.0    0.0     0.0  1.6     9.0  12.55   270
15     6.1    8.3  10.20    3.6  03.46   22.3    0.0     2.1  3.5    22.0  15.11   315
16     4.8    6.2  13.34    2.1  23.37   25.5    0.0     3.6  5.3    29.2  17.06   0
17     4.1    6.8  12.55    2.4  22.53   24.7    0.0     0.0  5.6    25.9  12.35   315
18     3.5    7.5  14.27    0.8  23.23   25.5    0.0     0.0  2.2    11.5  13.13   270
19     2.8    5.8  13.51   -0.6  04.52   28.3    0.0     0.5  1.9    16.9  21.03   292.5
20     6.7    8.1  20.55    4.6  00.00   21.6    0.0     5.2  2.0    13.0  04.19   0
21     7.9   10.4  12.32    6.8  02.08   17.5    0.0     0.0  3.3    20.5  14.32   0
22     6.8   10.2  13.38    4.3  21.35   19.9    0.0     0.0  2.5    22.3  19.57   292.5
23     7.0   11.5  13.48    3.3  05.34   19.7    0.0     0.0  3.3    24.1  18.41   292.5
24     8.8   15.7  14.41    5.2  02.18   14.2    0.0     0.0  1.6    12.6  23.32   270
25     6.7   11.2  13.19    3.5  05.23   19.8    0.0     0.0  1.5    14.8  08.29   292.5
26    10.5   17.4  13.25    5.3  00.46   12.6    0.0     0.0  1.6     9.7  12.45   270
27     9.5   12.5  02.58    5.6  20.42   16.7    0.0     0.0  4.5    27.7  01.49   315
28     6.1   10.4  13.21    1.9  23.51   21.9    0.0     0.0  7.2    30.2  13.34   337.5
29     1.1    2.6  02.06   -1.0  15.22   31.6    0.0     0.0 12.4    39.6  11.05   0
30     1.3    2.7  14.23   -0.5  03.23   31.0    0.0     0.0 10.2    45.4  19.40   315
31     3.0    6.8  13.29    0.7  21.55   26.2    0.0     0.0  6.7    37.8  01.00   315
01     3.9   10.1  13.13    0.1  05.38   23.8    0.0     0.0  2.7    16.2  17.13   247.5
02     5.0   10.1  13.54    0.3  06.36   23.6    0.0     0.0  4.0    27.4  11.21   270
03     5.4    7.3  04.03    2.0  23.45   24.6    0.0     6.7  4.3    27.0  07.09   270
04     3.7    8.2  14.27   -0.6  07.00   26.2    0.0     0.0  4.1    30.6  23.16   270
05     0.8    6.3  02.49   -3.5  23.56   30.5    0.0     4.7  7.7    35.6  20.38   315
06    -5.7   -3.5  00.00   -6.8  17.16   42.3    0.0     0.0 11.7    40.7  05.46   337.5
07    -6.7   -5.6  23.59   -7.6  08.05   44.9    0.0     0.0 11.0    37.8  14.02   337.5
08    -3.1   -0.7  13.28   -5.7  00.00   38.8    0.0     0.5  6.1    29.5  23.04   315
09    -1.6   -0.4  16.00   -3.6  04.52   36.6    0.0     0.0  8.3    34.6  03.52   315
10    -2.2   -1.1  11.12   -3.4  19.26   37.0    0.0     0.0  4.2    23.0  02.39   0
11    -3.1   -1.1  14.16   -4.6  22.49   38.1    0.0     0.5  4.5    19.1  12.56   292.5
12     3.3    7.4  14.19   -4.5  00.01   30.4    0.0     2.6  5.3    37.1  07.12   247.5
13     6.7    9.5  10.28    2.0  23.04   22.7    0.0     6.7 11.8    55.8  12.24   225
14     1.4    4.4  13.21   -2.1  23.38   30.9    0.0     0.0  3.9    29.2  04.34   270
15    -0.7    1.6  11.10   -2.4  02.44   33.7    0.0     0.0  1.6    26.6  12.07   315
16     0.2    1.5  14.38   -0.6  00.00   32.2    0.0     1.6  2.3    18.4  15.14   315
17     0.8    2.2  20.47   -0.3  04.55   31.3    0.0    14.5  3.4    26.6  18.43   45
18     1.9    3.3  14.22    0.4  07.05   29.7    0.0    13.5  5.9    29.5  23.48   0
19     0.8    1.3  21.29    0.2  01.33   31.7    0.0     8.3 11.4    33.8  12.28   315
20     1.5    2.2  20.59    0.8  05.47   30.3    0.0     4.7  3.4    25.6  02.36   315
21     3.0    4.3  15.10    1.8  01.40   27.5    0.0     2.1  1.5    10.1  15.16   22.5
22     4.0    4.8  22.45    3.1  00.56   25.9    0.0     0.5  1.5    13.3  12.58   22.5
23     4.6    5.2  14.03    3.3  07.04   25.3    0.0    14.5  3.1    22.0  05.30   67.5
24     4.3    5.2  12.12    2.3  23.29   26.2    0.0     3.6  3.9    25.6  17.25   0
25     3.1    5.3  14.19    0.9  23.59   27.4    0.0     0.0  5.9    24.1  07.46   315
26     1.5    5.6  13.39   -0.8  04.03   28.7    0.0     0.0  4.0    20.5  11.03   292.5
27     1.4    5.6  14.45   -1.4  03.15   29.2    0.0     0.0  1.8    14.4  11.59   270
28     2.0    5.8  13.31   -0.9  05.18   28.6    0.0     0.0  1.3     9.0  14.20   270
29     3.0    6.2  14.51    1.0  22.53   26.5    0.0     0.0  3.2    15.8  03.26   292.5
30     4.1   10.1  14.55   -0.4  04.03   24.3    0.0     0.0  1.5    11.9  13.46   292.5
31     6.0   10.9  13.57    1.6  05.30   21.8    0.0     0.0  4.0    33.1  12.58   247.5
01     8.1   11.9  11.52    5.8  01.36   17.1    0.0     0.0  4.6    36.7  00.13   247.5
02     9.1   12.8  12.46    5.5  04.22   16.5    0.0     0.0  3.9    30.2  14.35   247.5
03    10.2   12.2  14.24    7.9  02.12   14.9    0.0     0.0  7.6    41.8  21.08   225
04    11.0   13.5  12.22    8.9  04.03   12.8    0.0     0.5  9.2    53.6  02.14   247.5
05    10.5   13.0  12.00    9.0  06.26   13.2    0.0     3.1 10.3    52.9  21.49   202.5
06     7.0   10.5  00.58    5.1  08.35   19.0    0.0     0.0  9.6    55.8  02.39   202.5
07     5.3    8.8  12.02    3.0  22.41   22.4    0.0     0.5  5.9    30.2  13.37   292.5
08     4.4    6.6  13.04    2.8  23.48   24.5    0.0     2.1  1.5    13.0  16.23   67.5
09     3.9    5.7  22.44    2.6  00.44   25.5    0.0     4.7  3.1    21.2  20.45   0
10     6.9    9.1  14.38    5.6  00.00   19.8    0.0     5.2  2.9    30.6  06.01   45
11     7.2   10.8  14.18    5.2  07.19   18.6    0.0     0.0  2.1    16.9  12.59   90
12     7.1    9.8  12.42    5.8  03.09   19.0    0.0     0.0  1.2     9.0  11.51   90
13     7.1    9.6  13.22    5.9  06.14   19.1    0.0     0.0  2.3    19.1  15.33   45
14     5.6    8.3  13.23    2.3  23.58   23.5    0.0     0.0  4.0    20.5  08.46   0
15     5.5   12.2  15.08    1.1  07.16   21.0    0.0     0.0  2.9    15.1  03.48   292.5
16     8.6   15.5  13.26    3.6  06.45   15.8    0.0     0.0  2.6    19.1  17.18   292.5
17     7.9   13.3  15.00    3.5  07.07   17.9    0.0     0.0  3.8    27.0  17.10   270
18     5.3    7.9  08.56    2.1  23.22   24.0    0.0     7.3  4.5    34.6  05.31   292.5
19     4.3    8.8  14.29    1.3  04.23   23.9    0.0     0.0  3.6    21.6  16.02   292.5
20     4.4    9.1  12.25    0.4  04.24   24.4    0.0     0.0  2.7    18.4  13.35   315
21     7.2   14.1  13.50    1.4  06.29   19.0    0.0     0.0  4.3    29.2  20.10   270
22     8.0   14.3  13.12    2.9  05.35   17.5    0.0     0.0  4.3    29.5  12.45   225
23     9.5   15.8  13.55    4.7  05.45   14.6    0.0     0.0  4.7    27.4  14.57   247.5
24    11.6   15.8  16.33    7.9  03.11   11.7    0.0     0.5  9.7    63.4  18.08   225
25     6.9   11.5  00.00    3.8  20.13   19.2    0.0     8.8  7.7    32.0  02.37   292.5
26     6.5    9.9  13.01    4.4  00.00   20.1    0.0     0.5  2.3    16.9  00.50   292.5
27     9.1   16.3  13.16    3.9  06.59   14.8    0.0     0.0  4.2    32.8  15.30   247.5
28    10.6   13.4  10.05    7.8  03.47   13.9    0.0     0.0  9.3    61.9  21.42   225
01    10.0   14.9  15.14    4.4  23.54   15.6    0.0     0.5  9.4    63.0  04.33   247.5
02     9.6   16.6  14.14    3.4  04.10   15.0    0.0     0.0  6.6    42.8  09.55   247.5
03    10.0   15.0  13.12    4.9  06.00   15.1    0.0     0.0  3.7    24.5  13.42   90
04    11.5   15.2  10.31    7.6  03.16   12.5    0.0     0.0 15.8    79.6  23.05   202.5
05     8.9   12.2  00.39    5.9  20.49   16.7    0.0     2.6  8.8    65.5  00.30   225
06     9.3   14.3  13.32    5.9  00.34   14.8    0.0     2.1  9.9    45.7  23.42   225
07     5.3    9.6  00.00    2.8  23.50   21.8    0.0    16.6 10.8    42.8  17.01   292.5
08     5.9    9.1  13.21    3.0  00.00   22.1    0.0     3.6 16.3    46.8  16.10   337.5
09     9.2   14.6  15.08    4.4  03.12   15.9    0.0     0.0  5.5    32.4  13.52   292.5
10     9.2   13.9  11.03    5.7  23.30   15.4    0.0     0.0  8.1    38.2  20.08   315
11     5.2    7.4  14.48    2.6  23.04   24.0    0.0     1.0 11.9    37.8  06.24   337.5
12     5.9   12.3  14.18    1.4  05.51   20.7    0.0     0.0  3.1    24.5  15.27   22.5
13     3.2    3.6  23.37    2.8  23.04   27.2    0.0     0.0  1.2     6.1  23.38   292.5
14     6.9   12.6  14.32    1.9  05.35   20.0    0.0     0.0  4.9    27.7  11.44   315
15     7.0   10.2  12.40    5.0  21.13   19.3    0.0     0.0  7.2    30.6  10.30   315
16     8.8   12.6  14.29    6.0  04.24   16.3    0.0     0.0  7.6    33.5  10.32   315
17    12.4   19.0  13.49    5.8  01.44   10.7    0.0     0.0  4.6    29.5  19.05   270
18    12.7   17.9  12.49    8.6  05.54    9.2    0.0     0.0 11.2    46.8  08.27   247.5
19    12.3   19.7  13.49    7.9  03.29    8.2    0.0     0.0  6.6    32.8  15.33   225
20    11.9   17.3  14.44    7.1  06.18   11.0    0.0     0.0  2.9    25.2  01.00   90
21    12.5   18.1  13.49    7.9  03.43    9.6    0.0     0.0  2.9    26.3  14.43   270
22    13.7   20.3  12.28    9.3  01.45    6.4    0.0     0.0  4.6    30.2  11.53   247.5
23    13.7   20.2  13.52    8.4  05.04    7.3    0.0     0.0  4.6    28.1  16.43   247.5
24    13.8   18.9  12.46    9.4  05.20    7.5    0.0     0.0  2.7    20.5  15.43   270
25    14.8   20.5  14.21    9.6  05.56    5.9    0.0     0.0  3.1    19.4  21.24   90
26    11.8   15.6  13.19    8.5  23.30   11.3    0.0     0.0  6.5    33.1  06.22   45
27     6.3    8.9  15.51    4.2  22.52   21.2    0.0     0.0  6.0    28.8  17.56   315
28     8.0   12.9  14.07    3.9  01.17   17.9    0.0     0.0  5.8    27.4  10.52   315
29    11.0   16.9  14.40    5.1  04.16   13.2    0.0     0.0  4.2    30.2  16.29   315
30    14.2   18.4  16.27    9.9  01.37    7.5    0.0     0.0  6.9    27.7  14.45   315
31    15.3   20.7  15.00   10.7  06.38    4.7    0.0     0.0  3.5    29.5  15.22   292.5
01    15.3   20.5  14.45   10.9  06.59    4.7    0.0     0.0  4.6    30.2  13.11   225
02    11.4   15.6  14.00    7.8  23.20   11.9    0.0     5.2  4.5    29.9  16.16   90
03     8.4   11.0  13.09    6.8  10.39   17.0    0.0     5.2  7.4    36.7  01.56   45
04    10.9   16.2  14.24    5.9  06.30   13.1    0.0     0.0  3.7    23.0  14.09   67.5
05    10.8   15.8  14.16    7.1  04.54   12.4    0.0     0.0  2.8    25.6  14.20   292.5
06    10.2   17.1  13.54    7.1  06.03   11.2    0.0     3.1  2.2    28.4  14.00   292.5
07     9.4   13.4  16.17    7.1  23.52   14.6    0.0     0.5  4.8    21.6  15.24   315
08    11.6   17.1  15.19    6.4  05.48   11.8    0.0     0.0  4.3    26.6  13.14   315
09    13.2   17.8  14.34    9.0  05.49    8.9    0.0     0.0  4.7    24.8  13.56   292.5
10    14.5   20.3  14.48    8.5  06.29    7.1    0.0     0.0  3.2    18.0  14.30   270
11    13.4   20.5  12.21   10.4  06.20    5.2    0.0     4.7  2.7    31.3  14.00   112.5
12    13.5   18.0  14.02    9.1  05.26    8.6    0.0     0.0  3.7    20.9  12.01   270
13    15.8   21.6  14.36   11.8  00.00    2.9    0.0     0.0  8.0    29.5  20.39   247.5
14    14.8   21.2  15.52    9.4  04.23    5.5    0.0     0.0  3.9    29.5  11.26   225
15    14.5   20.9  15.53    8.2  06.06    6.8    0.0     0.0  3.9    32.8  14.04   247.5
16    12.2   15.1  12.25    9.5  22.29   10.9    0.0     1.6  3.5    29.5  17.34   292.5
17     9.9   13.0  15.13    7.6  23.25   14.5    0.0     1.6  5.4    34.6  09.24   315
18    11.0   16.7  10.58    4.4  23.54   14.0    0.0     4.2  7.2    44.6  17.00   225
19     3.7    5.2  17.58    1.9  22.25   26.6    0.0     2.1  6.5    33.8  15.08   315
20     3.6    7.6  14.53    0.6  04.15   25.6    0.0     0.0  8.5    36.0  15.26   315
21     3.2    6.1  18.15    1.1  00.00   26.5    0.0     0.5  5.5    27.0  12.19   315
22     7.7   14.4  15.59    0.2  05.07   19.9    0.0     0.0  4.4    24.1  14.26   292.5
23    11.5   18.4  13.43    5.8  05.25   11.2    0.0     0.0  4.5    33.8  11.04   270
24    12.3   18.2  14.28    6.5  05.09   10.8    0.0     0.0  4.4    26.6  16.08   90
25    13.7   20.9  15.33    7.2  06.04    7.7    0.0     0.0  4.3    31.7  15.39   225
26    15.0   20.9  13.25    9.5  05.48    5.6    0.0     0.0  7.4    36.0  14.37   202.5
27    17.2   21.2  15.21   14.4  23.57    1.0    0.0     0.0  8.2    39.2  07.59   225
28    14.5   17.1  03.13   11.2  23.59    7.5    0.0     1.0 13.5    63.7  06.34   225
29     9.8   13.6  13.20    6.9  23.59   14.6    0.0     0.5  4.6    26.6  15.16   0
30    10.0   15.9  14.41    4.9  03.35   14.3    0.0     0.0  3.9    21.2  12.25   315
01    12.8   20.4  14.26    6.1  05.18    9.2    0.0     0.0  5.5    40.0  17.15   247.5
02    12.2   15.6  11.09    9.8  05.11   10.1    0.0     0.0  2.5    27.4  00.01   90
03    12.1   17.0  10.31    9.2  05.24    9.4    0.0     4.1  1.8    23.8  14.00   270
04    14.6   19.8  17.38    8.9  04.46    7.2    0.0     0.5  2.7    27.4  11.23   270
05    14.3   19.1  12.33    9.9  23.01    6.9    0.0     0.0  4.0    23.0  14.35   90
06    13.8   18.5  11.46    9.0  05.04    8.2    0.0     0.5  2.4    31.0  23.40   90
07    14.7   21.2  14.02    8.9  23.33    5.9    0.0     2.6  7.8    35.6  09.29   270
08    11.5   16.0  11.57    8.0  05.19   11.4    0.0    22.8  3.8    23.0  20.24   292.5
09    11.3   16.3  14.18    8.5  00.39   10.7    0.0     3.1  2.6    20.9  11.49   292.5
10    13.6   21.0  14.58    8.1  04.04    6.8    0.0     0.0  2.9    24.1  17.27   292.5
11    17.2   25.1  15.12   11.1  03.32    0.4    0.0     0.0  2.8    29.2  15.31   112.5
12    21.0   26.5  15.06   16.2  06.37    0.0    5.4     0.0  4.8    33.1  13.32   270
13    19.5   24.9  13.54   14.1  23.40    0.0    2.1     0.0  5.4    34.6  11.34   270
14    18.6   23.9  15.27   12.6  05.05    0.2    0.0     0.0  3.9    24.5  04.16   112.5
15    16.5   21.9  09.44   13.1  05.24    1.5    0.0     4.7  3.0    27.7  11.14   292.5
16    16.2   20.1  15.59   12.4  06.05    3.8    0.0     0.0  7.8    30.6  10.46   315
17    17.1   20.8  14.37   13.9  03.58    1.8    0.0     0.0  8.6    31.7  13.48   315
18    17.7   22.3  16.00   12.1  05.53    2.0    0.0     0.0  4.7    25.2  00.20   315
19    18.9   23.6  14.49   13.4  03.55    0.0    0.3     0.0  4.4    31.7  16.01   225
20    15.5   21.4  13.42   10.4  21.05    4.4    0.0     8.3  6.1    45.4  15.54   270
21    12.7   15.1  15.40   10.2  02.05   10.2    0.0     1.0  8.3    36.4  11.30   315
22    17.2   22.9  16.22   11.9  02.56    1.7    0.0     0.0  5.1    26.3  00.25   292.5
23    17.6   23.5  12.38   14.6  04.53    0.0    1.3    11.4  2.5    27.7  14.11   292.5
24    18.6   24.6  14.29   13.3  05.17    0.0    1.1     0.0  3.2    31.7  18.18   292.5
25    14.6   17.3  15.24   11.7  23.46    6.9    0.0     3.1  5.5    29.5  14.59   315
26    14.4   18.1  16.16   10.9  03.45    6.9    0.0     0.0  9.0    34.2  09.38   315
27    16.2   20.6  15.42   12.4  02.45    3.3    0.0     0.0  8.5    34.9  11.25   315
28    17.3   21.2  13.58   13.9  04.44    1.4    0.0     0.0  8.1    29.2  13.47   315
29    19.0   25.1  14.17   12.6  05.20    0.0    0.9     0.0  2.8    19.1  12.24   292.5
30    20.3   25.7  16.13   14.9  05.11    0.0    3.5     0.0  4.5    27.7  16.48   225
31    19.9   25.2  12.06   14.9  05.03    0.0    3.1     0.0  2.8    25.6  14.59   225
01    21.2   27.3  14.57   15.9  04.40    0.0    5.9     0.0  2.5    26.6  17.50   90
02    20.9   25.5  16.43   15.9  04.26    0.0    4.3     0.0  3.8    23.0  20.48   270
03    20.7   26.3  13.19   14.7  05.03    0.0    3.9     0.0  2.4    29.2  15.34   292.5
04    22.3   28.0  17.18   17.3  01.36    0.0    7.8     0.0  4.6    27.7  09.20   270
05    22.1   27.6  13.43   16.1  05.21    0.0    6.3     0.0  3.2    25.9  14.34   90
06    20.9   25.5  13.46   16.5  23.49    0.0    4.8     0.0  3.9    27.4  15.10   225
07    20.4   26.4  15.17   14.9  04.39    0.0    4.2     0.0  3.6    24.5  16.07   225
08    18.2   21.8  12.15   15.3  22.14    0.0    0.4     0.0  4.6    26.6  10.36   315
09    19.1   25.8  16.02   13.1  04.58    0.0    2.0     0.0  2.4    20.5  13.34   90
10    21.3   26.8  12.47   16.3  04.09    0.0    5.8     0.0  2.6    22.0  15.07   90
11    20.1   23.3  13.26   16.6  04.28    0.0    2.9     0.0  6.9    34.2  16.49   315
12    21.4   27.9  15.59   14.4  05.13    0.0    5.1     0.0  2.8    19.1  10.58   270
13    24.8   30.9  15.20   19.3  05.40    0.0   12.2     0.0  4.3    21.2  01.35   270
14    25.1   31.6  15.00   18.8  05.44    0.0   12.4     0.0  3.3    27.0  17.30   90
15    22.5   27.9  14.08   19.1  23.48    0.0    9.3     1.0  3.0    34.9  15.39   90
16    22.8   28.3  16.49   17.3  23.05    0.0    8.0    17.1  3.0    44.3  22.21   90
17    21.3   25.6  13.38   17.8  01.29    0.0    6.1     0.0  4.9    25.2  14.23   0
18    17.9   20.5  14.28   15.8  22.37    0.3    0.0     0.0  9.7    34.2  13.18   0
19    19.5   23.9  14.43   15.4  02.38    0.0    2.4     0.0  6.7    31.7  13.06   315
20    22.2   28.8  14.34   15.8  04.53    0.0    7.1     0.0  3.8    24.8  18.00   247.5
21    24.1   29.3  14.27   17.9  04.35    0.0    9.5     0.0  3.1    20.9  16.00   45
22    24.2   30.5  15.38   19.2  05.19    0.0   11.7     0.0  3.7    31.7  15.53   270
23    25.2   31.6  14.33   19.5  04.53    0.0   13.0     0.0  3.7    26.6  16.27   225
24    25.5   32.5  15.42   18.3  05.31    0.0   12.7     0.0  3.9    23.4  22.27   112.5
25    25.5   32.6  15.34   19.3  05.05    0.0   13.7     0.0  4.8    30.6  14.22   225
26    24.3   29.9  13.28   19.3  05.31    0.0   11.3     0.0  3.1    20.5  03.32   90
27    25.2   31.9  13.35   19.6  04.16    0.0   13.3     0.0  5.1    36.7  16.10   202.5
28    23.9   29.3  15.08   21.1  03.51    0.0   12.4     0.5  8.7    41.8  23.33   202.5
29    24.1   28.6  14.47   19.4  23.56    0.0   10.2     0.0 10.2    45.0  09.06   225
30    24.0   31.3  13.17   17.6  05.05    0.0   11.0     0.0  4.5    25.6  20.54   270
01    21.4   26.1  14.07   16.9  23.38    0.0    5.7     0.0  3.1    22.0  04.39   90
02    19.4   24.0  15.02   15.8  05.23    0.0    2.8     0.0  3.0    31.7  13.03   315
03    20.1   24.5  15.38   15.4  01.14    0.0    2.9     0.0  8.5    34.9  15.54   315
04    21.3   25.6  15.10   16.8  05.09    0.0    5.2     0.0  6.7    27.4  11.27   315
05    23.8   28.9  13.36   17.6  03.49    0.0    8.8     0.0  3.3    25.6  14.09   45
06    25.9   31.8  13.56   20.3  03.20    0.0   13.9     0.0  3.0    22.3  14.28   292.5
07    27.5   33.9  16.49   20.9  05.42    0.0   16.3     0.0  3.4    25.6  16.57   270
08    27.9   33.3  15.07   21.8  05.15    0.0   16.6     0.0  3.7    23.0  15.12   90
09    28.1   33.8  16.01   21.9  05.57    0.0   17.1     0.0  4.0    26.6  15.45   112.5
10    27.5   33.4  14.55   22.4  05.52    0.0   17.2     0.0  5.4    35.6  16.17   225
11    27.3   33.9  15.06   21.5  05.06    0.0   16.9     0.0  6.6    31.7  15.42   225
12    27.6   34.9  15.39   19.4  05.18    0.0   15.9     0.0  4.9    29.5  23.20   247.5
13    26.6   32.8  14.37   21.8  05.52    0.0   16.1     0.0  4.8    25.6  00.13   90
14    23.3   30.3  13.10   19.0  21.28    0.0   11.4     2.6  3.4    34.9  16.20   270
15    20.2   24.4  15.07   16.9  20.48    0.0    4.2     2.6  4.2    20.9  15.16   315
16    18.7   21.4  14.02   16.4  06.28    0.0    1.0     0.0 12.0    47.9  12.53   315
17    19.0   22.9  16.19   15.3  05.48    0.0    1.4     0.0  9.1    33.1  14.57   337.5
18    21.7   27.8  15.08   15.1  04.34    0.0    5.6     0.0  3.7    21.6  14.21   45
19    24.3   30.3  15.13   18.4  04.10    0.0   10.8     0.0  3.6    23.4  17.11   112.5
20    26.0   32.2  17.40   19.3  04.29    0.0   13.3     0.0  4.0    30.6  17.13   112.5
21    27.0   33.8  13.57   19.9  06.13    0.0   15.3     0.0  4.5    29.5  15.41   202.5
22    27.3   33.5  15.21   23.1  07.16    0.0   17.9     0.0  4.4    27.7  15.26   225
23    26.9   32.9  14.42   21.0  06.17    0.0   15.5     0.0  4.0    25.9  15.51   90
24    25.4   31.2  12.11   20.6  22.50    0.0   13.6     0.0  8.3    46.8  12.40   225
25    21.2   26.3  13.29   17.6  20.54    0.0    6.5     0.0  7.1    40.3  13.49   225
26    20.4   25.9  13.06   16.1  03.34    0.0    4.8     0.0  3.4    24.5  18.21   270
27    21.7   27.1  12.20   15.7  04.43    0.0    5.5     0.0  3.1    23.8  15.28   270
28    23.8   30.7  15.18   17.3  04.58    0.0   10.2     0.0  4.9    27.7  10.26   225
29    25.1   31.9  15.04   17.8  05.44    0.0   11.7     0.0  3.6    22.7  15.05   90
30    26.9   33.6  15.10   20.6  05.36    0.0   15.8     0.0  3.2    24.8  15.50   112.5
31    27.4   32.9  15.01   22.1  06.02    0.0   16.5     0.0  3.7    24.1  13.45   45
01    28.2   33.9  14.26   22.5  05.43    0.0   17.8     0.0  4.0    23.4  15.36   315
02    30.8   36.9  13.08   23.9  04.22    0.0   21.7     0.0  3.8    25.6  15.24   292.5
03    31.8   37.4  13.53   25.9  05.44    0.0   24.0     0.0  3.5    26.3  13.58   315
04    32.2   38.1  15.43   26.3  05.12    0.0   25.0     0.0  3.2    41.0  17.41   292.5
05    32.3   39.4  15.18   26.1  06.14    0.0   25.9     0.0  3.9    31.3  16.23   270
06    31.0   37.4  15.06   24.9  05.41    0.0   23.1     0.0  6.4    33.8  14.25   270
07    26.7   30.6  15.52   22.6  23.34    0.0   14.9     0.0  5.3    25.2  14.29   45
08    28.2   36.9  15.36   20.5  05.56    0.0   18.7     0.0  3.5    29.9  13.56   225
09    30.4   37.5  15.14   23.4  05.40    0.0   21.8     0.0  4.3    32.4  14.38   225
10    30.7   38.1  14.09   24.9  06.02    0.0   23.7     0.0  5.4    34.9  15.16   225
11    25.3   28.5  13.56   18.8  23.56    0.0    9.6     0.0  9.2    48.6  11.53   225
12    18.6   24.8  14.09   14.2  17.42    0.0    2.1     4.3  7.8    40.3  06.20   270
13    18.9   23.5  16.13   14.8  03.43    0.0    1.5     0.5  7.6    31.0  14.07   315
14    20.8   25.8  14.54   16.1  00.47    0.0    4.7     0.0  5.0    24.8  11.23   315
15    23.3   28.7  14.09   17.8  03.10    0.0    8.9     0.0  4.4    27.7  14.33   315
16    24.5   30.8  14.13   19.1  03.55    0.0   11.9     0.0  4.1    23.4  14.59   315
17    25.1   30.1  13.01   20.5  06.25    0.0   12.5     0.0  4.5    28.4  13.32   315
18    26.0   31.4  15.41   19.9  05.48    0.0   13.2     0.0  3.4    22.3  15.10   270
19    27.3   33.9  15.12   22.1  05.40    0.0   17.4     0.0  3.9    31.3  16.15   225
20    23.6   31.2  14.14   18.9  23.39    0.0   12.1     0.0  5.8    34.2  14.49   292.5
21    19.3   23.3  14.09   16.3  06.40    0.0    2.6     0.0  7.9    33.1  13.24   337.5
22    18.4   22.4  15.30   15.3  06.16    0.0    0.9     0.0  6.8    29.5  13.25   315
23    20.4   26.9  15.50   13.6  06.24    0.0    3.4     0.0  3.2    20.2  13.53   270
24    24.2   30.8  16.26   18.0  06.01    0.0   10.9     0.0  2.8    23.8  16.28   90
25    24.4   32.3  14.13   20.3  04.57    0.0   14.3     5.2  3.0    34.6  16.51   270
26    25.5   31.9  14.31   19.4  06.10    0.0   13.2     0.0  3.6    23.4  15.45   292.5
27    26.9   33.3  13.48   20.9  06.39    0.0   15.8     0.0  3.4    25.2  14.33   292.5
28    26.6   33.1  13.37   21.9  04.53    0.0   16.5     0.0  4.2    24.1  16.52   315
29    22.7   27.0  14.15   19.4  06.35    0.0    8.8     0.0  5.4    34.2  15.09   315
30    22.4   29.3  14.47   16.7  05.21    0.0    8.4     0.0  3.1    23.0  16.16   247.5
31    25.6   33.2  14.39   19.4  02.40    0.0   14.3     0.0  4.5    32.4  15.10   270
01    23.5   29.9  13.10   19.8  06.13    0.0   11.7     0.0  4.7    38.2  13.27   247.5
02    19.4   22.9  08.31   15.5  23.52    0.0    1.6    24.4  7.3    43.9  18.12   225
03    16.2   22.1  15.20   11.9  03.54    2.4    0.0     1.5  7.6    37.4  12.25   292.5
04    16.6   22.7  16.33   10.9  05.20    2.8    0.0     0.0  3.0    19.1  15.12   112.5
05    18.8   24.8  14.21   14.1  06.33    0.0    2.0     0.0  2.4    18.7  16.40   292.5
06    20.5   27.1  15.10   15.0  06.00    0.0    4.9     0.0  3.7    29.5  15.39   225
07    19.3   23.9  10.34   15.4  06.42    0.0    2.4     0.0  5.2    31.7  15.08   225
08    19.0   23.8  14.29   15.7  05.56    0.0    2.5     0.0  3.8    22.7  17.51   90
09    18.7   24.3  13.31   14.2  07.18    0.0    1.7     0.0  6.4    36.0  14.03   225
10    18.9   26.0  13.07   15.2  01.12    0.0    4.1    18.1  7.6    47.5  11.21   202.5
11    16.2   18.4  16.09   14.1  10.14    3.8    0.0    23.3  7.4    38.5  21.31   202.5
12    18.7   22.9  12.29   15.3  06.02    0.0    1.4     0.0 10.8    47.2  13.27   225
13    18.3   23.7  15.34   14.2  04.05    0.0    1.1     0.0  4.6    28.8  02.20   225
14    18.0   23.8  15.42   12.1  04.57    0.7    0.0     0.0  5.4    33.8  13.03   225
15    19.9   26.3  14.15   14.1  06.02    0.0    3.4     0.0  5.1    32.8  16.59   225
16    21.6   25.6  12.33   17.1  06.08    0.0    5.4     0.0 11.0    46.4  13.02   202.5
17    19.4   23.5  10.46   12.8  23.58    0.3    0.0     0.0  6.5    35.3  01.55   225
18    15.7   22.4  15.08   11.0  05.35    2.9    0.0     0.0  3.0    23.0  16.38   247.5
19    15.1   19.5  13.12   12.1  03.29    4.6    0.0     1.0  6.2    34.9  11.42   247.5
20    12.0   15.5  12.10    9.5  07.35   10.5    0.0     0.0  5.6    37.4  15.31   315
21    13.4   18.9  14.35    9.2  06.09    7.7    0.0     0.0  3.4    20.9  11.37   270
22    15.1   21.3  14.39    9.6  03.21    5.2    0.0     0.0  2.7    19.4  18.01   225
23    15.8   21.4  13.50   11.1  06.35    3.8    0.0     0.0  4.1    27.7  14.39   247.5
24    15.7   21.6  14.49   10.8  07.13    3.8    0.0     0.0  2.2    17.3  12.27   292.5
25    13.6   18.9  13.40   11.6  23.55    5.6    0.0     7.8  2.8    18.0  15.57   315
26    13.3   18.8  15.02    9.3  06.59    7.7    0.0     0.5  2.6    18.7  15.02   315
27    13.8   18.3  14.22   10.9  05.54    6.7    0.0     0.0  3.3    31.7  20.44   315
28    14.3   19.2  14.49   10.6  05.58    6.2    0.0     0.0  5.9    27.4  15.27   315
29    13.4   16.5  15.49   10.8  05.45    8.4    0.0     0.0  4.4    25.9  11.20   315
30    13.2   18.1  13.49   10.1  06.35    7.6    0.0     0.0  4.1    20.9  05.32   270
14     9.9   19.1  11.58   -3.0  23.30   18.5    0.0     0.0  3.3    19.3  13.40   315
15     4.2   20.2  11.37   -7.2  06.47   21.3    0.0     0.0  1.8    19.3  14.06   247.5
16     5.0   19.2  14.19   -6.9  07.20   22.0    0.0     0.0  3.0    40.2  11.36   180
17     4.7   18.1  13.17   -6.3  07.31   22.4    0.0     0.0  4.2    25.7  13.30   157.5
18     3.1   17.8  11.36   -8.3  07.48   24.5    0.0     0.3  2.1    24.1  13.15   157.5
19     2.5   15.8  12.52   -8.9  07.56   26.8    0.0     0.0  3.0    24.1  13.59   202.5
20     3.3   15.1  13.19   -5.2  06.26   24.2    0.0     0.3  2.5    29.0  14.15   270
21     2.1   17.3  14.26  -10.1  08.13   26.5    0.0     0.0  2.2    29.0  12.40   292.5
22     6.8   14.3  10.38   -3.7  03.50   23.5    0.0     4.8 11.7    82.1  18.15   292.5
23     3.8    8.3  00.22    1.1  09.38   24.5    0.0     2.8 21.5    54.7  10.55   315
24     4.7    6.9  14.55    1.7  06.10   25.2    0.0     2.0 40.3    86.9  09.40   315
25     5.9   10.4  15.40    0.3  23.59   23.3    0.0     0.0 20.8    59.5  00.23   315
26     3.8   17.4  13.16   -6.7  07.04   23.3    0.0     0.0  3.0    20.9  11.36   337.5
27     5.3   17.9  11.38   -6.7  07.42   22.9    0.0     0.0  8.9    48.3  23.45   337.5
28     3.1    7.8  14.07   -3.7  23.16   29.3    0.0     0.5 16.0    56.3  00.15   337.5
29     4.6   12.2  12.35   -4.6  03.10   26.2    0.0     0.0  9.8    46.7  09.00   315
30     2.7    9.2  10.31   -6.4  05.42   30.5    0.0     0.0  4.5    24.1  12.37   337.5
31     3.4    8.4  12.22   -2.7  23.52   27.8    0.0     0.0  5.0    20.9  11.15   337.5
01    -1.7   10.1  14.52  -10.4  07.34   33.3    0.0     0.3  1.8    20.9  14.10   315
02    -0.8   13.0  12.17  -10.5  05.13   30.8    0.0     0.0  2.2    19.3  11.23   315
03     5.5    9.1  12.36   -0.2  00.00   25.0    0.0     0.5  4.7    35.4  03.00   315
04     2.2   12.3  12.32   -4.1  07.16   25.7    0.0     0.3  2.3    25.7  12.15   22.5
05     4.6   15.6  10.40   -4.7  06.39   23.2    0.0    21.1  9.7    48.3  12.45   135
06     6.0   10.6  13.10    0.7  21.14   22.9    0.0    15.7  8.5    43.5  23.10   157.5
07     1.9    3.8  09.13   -0.2  04.58   29.8    0.0     7.1 14.3    51.5  09.40   157.5
08     1.4    7.7  11.58   -3.9  20.58   29.6    0.0     0.0  3.0    24.1  11.20   225
09     3.2    8.0  12.54   -2.8  07.03   28.3    0.0     0.0  5.1    25.7  13.10   157.5
10     3.7    6.5  14.47   -0.3  22.06   27.5    0.0     1.5  4.8    45.1  07.58   135
11     0.9    9.1  12.26   -5.5  23.59   29.8    0.0     0.0  1.9    24.1  10.55   225
12     2.1   11.1  11.40   -8.1  06.27   30.2    0.0     0.3 10.2    75.6  21.50   135
13     2.4    6.7  00.00   -6.2  23.38   32.5    0.0    10.2 16.3    72.4  00.55   135
14    -0.4    2.2  20.30   -5.9  02.41   36.3    0.0    16.8 13.6    48.3  21.10   315
15     3.2    4.4  12.51    0.8  01.56   28.3    0.0    21.6  8.0    33.8  00.11   337.5
16     2.1    3.5  23.03    1.2  02.35   28.8    0.0     7.4 16.1    37.0  08.35   315
17     3.0    7.2  13.11   -3.4  23.57   29.6    0.0     1.3  6.6    24.1  02.15   315
18    -0.9    3.0  14.39   -7.5  06.04   37.0    0.0     0.0  3.7    20.9  21.23   337.5
19     0.1    7.4  12.33   -6.6  05.36   32.2    0.0     0.3  6.0    32.2  12.50   337.5
20    -0.8    6.3  14.13   -8.7  23.03   35.1    0.0     0.0  8.5    33.8  03.55   315
21    -0.6    7.5  13.07   -8.3  00.00   33.7    0.0     0.0  4.5    25.7  11.05   315
22    -1.9   10.4  11.55   -8.9  05.55   31.7    0.0     0.0  1.4    17.7  13.45   315
23    -3.6    9.7  13.25  -10.7  06.54   33.9    0.0     0.3  1.4    17.7  13.12   337.5
24    -1.5   10.3  13.54   -9.5  05.50   32.2    0.0     0.0  4.0    24.1  13.01   337.5
25     3.5    9.6  11.55   -5.7  02.16   29.5    0.0     0.3 10.4    59.5  19.50   135
26     4.3    8.6  11.54   -1.3  23.43   26.5    0.0     3.8 15.1    66.0  00.05   292.5
27    -2.8   -0.5  01.38   -6.3  23.57   39.1    0.0     0.0 18.2    41.8  02.35   315
28    -5.2    5.0  14.02  -15.5  08.15   42.5    0.0     0.3  3.1    22.5  20.20   337.5
29     2.8    5.5  23.20   -2.8  00.10   30.6    0.0    53.3 24.7    85.3  06.45   135
30     3.4    7.3  01.59   -0.2  23.42   26.7    0.0    11.4 15.1    54.7  22.20   270
01    -3.3    3.4  11.13  -10.5  23.47   39.3    0.0     0.0  3.5    25.7  04.00   292.5
02    -3.4    0.7  13.18  -10.2  05.10   41.6    0.0     0.0  2.9    19.3  13.35   337.5
03    -1.6    0.9  12.01   -7.7  23.57   39.0    0.0     1.0  2.6    24.1  16.35   337.5
04    -7.1    1.5  12.22  -15.5  04.59   45.6    0.0     0.8  1.4    14.5  13.10   337.5
05    -9.3    3.6  12.11  -17.8  06.54   45.8    0.0     0.0  3.3    27.4  11.00   315
06    -6.6    6.7  12.40  -15.1  07.23   40.5    0.0     0.3  2.2    22.5  12.04   292.5
07    -5.6    8.9  12.24  -13.7  06.40   37.3    0.0     0.0  2.6    29.0  23.21   270
08     1.7    4.3  10.32   -3.8  02.17   32.5    0.0     2.3 15.1    82.1  20.50   157.5
09    -0.9    4.3  02.56  -12.6  23.57   40.4    0.0     8.6 16.4    72.4  03.00   292.5
10    -7.2    2.7  23.12  -20.4  06.29   49.0    0.0     1.3 12.8    85.3  18.20   135
11     4.4    5.4  16.11    1.7  00.10   26.6    0.0    68.1 35.9   107.8  11.47   135
12     5.2    6.1  19.51    4.6  00.01   23.4    0.0    46.2 23.0    67.6  04.40   135
13     2.8    5.9  03.29   -5.1  23.45   32.2    0.0    15.5  9.6    59.5  06.00   292.5
14     2.9    6.6  20.36   -4.7  00.27   31.3    0.0     1.5 16.8    62.8  08.03   225
15     5.7    6.8  09.00    4.0  23.22   23.2    0.0    46.7 23.0    78.9  05.54   135
16     1.3    4.4  00.06   -2.1  20.55   30.8    0.0     0.5 16.3    61.2  00.04   225
17    -2.8   -0.2  10.41   -6.3  02.43   38.9    0.0     0.3 15.9    43.5  06.45   315
18    -5.5   -2.5  13.21  -11.1  23.47   45.2    0.0     0.0 13.2    45.1  08.37   315
19    -7.1   -2.8  13.20  -11.6  23.58   46.0    0.0     0.0  6.5    25.7  12.15   315
20    -6.7   -2.9  13.11  -11.9  00.17   46.3    0.0     0.0  8.6    27.4  14.05   337.5
21    -4.2   -2.5  14.31   -7.5  02.50   42.0    0.0     0.0 21.5    51.5  14.45   315
22     0.2    2.7  10.35   -5.9  00.25   35.9    0.0     0.0 26.2    66.0  06.35   337.5
23     0.6    3.9  13.40   -3.0  22.20   32.2    0.0     0.0 19.1    54.7  04.55   337.5
24    -0.5   11.1  13.15   -8.8  23.50   30.9    0.0     0.0  3.9    24.1  00.29   315
25    -4.3   11.2  13.47  -11.9  08.41   33.7    0.0     0.0  1.8    19.3  12.10   292.5
26     2.4    7.9  10.19   -8.7  02.30   33.7    0.0     0.3 12.5    53.1  21.57   135
27     1.7    2.9  12.48    0.6  21.45   29.8    0.0    63.8 25.1    99.8  15.02   135
28    -2.0    1.4  00.00   -5.8  22.26   36.9    0.0     0.3 15.0    66.0  11.04   157.5
29    -5.4   -0.7  13.39  -12.0  22.35   44.5    0.0     0.0  8.9    33.8  09.20   315
30    -1.5    3.4  21.03  -13.8  01.42   42.3    0.0     0.0 14.3    37.0  05.25   337.5
31    -4.9    8.1  13.22  -11.6  23.52   36.2    0.0     1.3  1.9    17.7  12.30   270
01     0.0    5.3  13.15  -12.1  02.10   39.0    0.0     3.6 17.3    77.2  22.15   292.5
02     0.3    2.8  00.38   -1.3  17.49   31.7    0.0     1.3 18.5    72.4  00.35   315
03    -1.1    8.9  13.00  -14.3  08.27   37.8    0.0     4.1 14.8    64.4  15.00   315
04     3.9    7.5  13.33    1.2  05.27   25.2    0.0     0.0 10.6    40.2  00.02   337.5
05     1.7    8.5  00.16   -5.8  23.39   30.5    0.0     0.0  4.3    40.2  00.05   270
06    -2.5    9.3  13.41   -8.4  06.07   32.2    0.0     0.3  1.5    20.9  13.25   112.5
07     3.3    8.1  15.57   -6.8  05.48   31.8    0.0     0.0 13.6    57.9  22.19   157.5
08     6.6    8.5  11.51    4.2  20.31   21.6    0.0     0.0 13.3    54.7  23.45   157.5
09     6.4    7.8  16.41    5.1  22.05   21.4    0.0    13.5 19.9    67.6  00.45   135
10     0.3    5.9  00.00   -6.3  23.13   33.3    0.0    11.7  5.0    56.3  00.01   315
11    -2.3    3.7  12.43   -9.1  06.54   37.8    0.0     0.5  1.9    14.5  12.44   22.5
12     0.0    0.8  13.06   -0.6  23.07   32.8    0.0     3.8 16.1    43.5  19.05   315
13    -0.9    0.7  13.43   -2.5  05.13   34.7    0.0     0.8  7.8    29.0  00.19   337.5
14    -2.1    2.2  11.03   -8.2  23.47   38.4    0.0     2.5  2.9    22.5  14.20   270
15    -3.5    2.0  23.54   -8.5  00.40   38.8    0.0     0.0  3.2    37.0  22.30   112.5
16     3.4    6.2  21.28    0.0  01.25   27.5    0.0     1.0 22.0    74.0  21.20   270
17     2.3    6.4  09.18   -4.9  21.00   31.7    0.0     4.8 21.6    77.2  04.55   292.5
18    -2.3    5.3  14.35  -14.9  08.05   41.6    0.0     0.3 10.8    59.5  22.45   292.5
19     3.8    5.9  10.14   -0.2  08.33   27.8    0.0     0.0 14.7    61.2  13.15   247.5
20     0.7    4.7  14.10   -4.3  20.21   32.6    0.0     0.0  5.9    33.8  22.14   247.5
21     2.5    5.7  11.08   -1.8  01.39   29.5    0.0     0.3 14.9    51.5  03.40   315
22     0.8    5.3  14.01   -2.8  23.39   30.8    0.0     0.0 13.0    29.0  09.05   337.5
23     0.9    6.2  14.20   -3.0  22.44   30.1    0.0     0.8 11.5    38.6  16.35   337.5
24    -1.4    6.1  14.31   -8.8  23.52   35.5    0.0     0.0  7.2    25.7  01.29   315
25    -3.5    9.4  11.57  -11.1  07.09   34.5    0.0     0.0  2.5    22.5  12.09   22.5
26    -3.1    7.5  13.57   -9.8  01.58   35.0    0.0     0.3  3.2    29.0  13.35   292.5
27    -2.3    6.6  13.39   -8.5  06.42   34.8    0.0     0.0  2.2    19.3  14.50   0
28    -4.1    8.8  13.56  -12.1  07.37   36.0    0.0     0.0  1.9    22.5  13.35   0
29    -3.3   11.8  12.25  -11.8  07.00   33.0    0.0     0.0  1.5    17.7  13.10   292.5
30    -4.4    9.3  12.52  -13.2  06.08   36.5    0.0     0.3  3.0    24.1  11.25   337.5
31    -4.4    5.8  13.05  -14.9  07.54   41.2    0.0     0.0  3.8    30.6  23.06   315
01     1.6    5.1  12.18   -4.0  02.16   32.0    0.0    16.0 17.9    78.9  09.30   135
02     3.5    6.0  13.24    0.7  23.45   27.0    0.0    46.5 21.3    67.6  11.15   135
03    -0.3    5.2  03.25   -2.7  22.59   30.8    0.0    37.8 16.5    86.9  07.55   247.5
04    -4.0    2.7  10.59  -12.3  22.08   41.7    0.0     3.3  5.4    54.7  00.25   225
05    -5.0    3.2  13.29  -14.4  02.32   43.1    0.0     1.8  3.3    25.7  23.59   135
06     0.3    1.3  17.16   -0.8  06.21   32.5    0.0     7.4 10.7    45.1  02.15   135
07     0.4    2.2  13.36   -3.8  23.50   34.4    0.0    14.5 13.0    57.9  04.20   135
08    -9.1   -2.6  14.42  -17.1  22.49   50.7    0.0     1.3  1.5    12.9  13.10   135
09   -11.3   -2.8  14.43  -20.3  07.33   53.8    0.0     2.5  0.6    11.3  21.08   337.5
10    -2.8   -0.7  14.21   -9.2  02.46   42.0    0.0     0.0 19.4    46.7  21.40   315
11    -5.6    0.1  13.52  -15.6  23.47   46.9    0.0     2.8  6.7    33.8  02.30   315
12    -6.1    3.6  11.51  -19.1  04.21   47.0    0.0     4.1 11.2    61.2  15.30   202.5
13    -2.9    1.5  11.46  -10.7  23.10   41.2    0.0     0.0  7.7    56.3  02.10   315
14    -6.1   -3.2  06.26  -14.1  03.49   48.6    0.0     0.3 11.0    43.5  05.25   315
15    -5.6   -2.6  14.25   -9.3  20.38   43.7    0.0     0.0 17.0    51.5  05.10   315
16    -4.6    4.4  15.31  -11.5  08.10   39.4    0.0     0.3  1.2     9.7  00.52   45
17    -1.8   10.7  12.45  -10.2  06.57   32.5    0.0     0.0  1.8    14.5  11.40   0
18     1.9    4.6  11.45    0.4  06.56   28.5    0.0     1.5  2.5    19.3  22.26   337.5
19     0.2    2.4  11.01   -1.8  23.57   32.4    0.0     2.0  3.1    12.9  03.15   0
20    -1.7    2.4  10.02   -4.7  07.31   35.0    0.0     4.3  5.3    20.9  15.49   22.5
21    -3.5   -2.1  11.08  -11.4  23.39   45.2    0.0     0.0 12.1    29.0  07.55   337.5
22    -7.5    1.3  23.17  -18.3  05.28   48.2    0.0     0.8  6.2    41.8  20.45   135
23     1.3   70.0  09.46   -5.8  09.48    0.0   24.8    46.2 11.9    66.0  21.55   135
24     1.8    2.9  00.12   -0.2  23.02   30.5    0.0    35.1  7.2    46.7  00.50   22.5
25    -4.4    0.0  00.00   -7.6  23.58   39.8    0.0     0.0  3.9    24.1  17.35   0
26    -9.2   -3.8  13.55  -19.2  21.53   53.7    0.0     0.0  0.4    17.7  23.30   0
27   -12.2   -5.5  12.37  -24.2  22.31   59.8    0.0     0.3  5.4    29.0  03.30   0
28   -12.3   -5.1  15.04  -21.9  07.40   57.3    0.0     0.3  4.8    30.6  01.55   0
01     1.5    5.2  22.17   -8.8  00.00   36.2    0.0     2.8 20.6    69.2  15.40   135
02     3.8    6.4  13.14    0.0  18.37   27.2    0.0     9.9 18.9    90.1  15.45   157.5
03     3.4    5.8  17.27   -0.7  05.56   28.4    0.0    27.9 21.7    77.2  01.45   270
04     2.7    5.3  13.44    0.2  19.24   28.0    0.0     8.9 12.0    54.7  01.55   225
05     2.1    4.4  20.49    0.2  06.40   28.8    0.0    18.0  6.2    48.3  20.40   157.5
06     2.5    4.2  15.07    0.8  09.52   28.5    0.0    18.3 18.1    64.4  21.40   157.5
07     2.0    4.4  11.01   -1.0  23.16   29.9    0.0     7.6 15.9    61.2  23.44   157.5
08     1.6    5.4  13.56   -1.2  07.17   29.2    0.0     0.0 15.3    61.2  01.24   270
09     0.1    7.5  15.18   -5.8  06.31   31.5    0.0     0.0  2.4    16.1  21.55   180
10    -1.4    9.7  14.25   -8.2  06.47   31.7    0.0     0.0  3.7    32.2  14.30   157.5
11     7.2   11.2  08.24    0.2  06.10   22.8    0.0    11.9 17.9    77.2  17.40   135
12     3.5    5.7  00.03    1.6  14.16   26.5    0.0    12.4 15.7    72.4  10.35   157.5
13     2.7    5.5  12.20   -3.2  23.38   30.9    0.0     2.5 12.6    48.3  04.20   270
14     1.6    8.2  14.23   -4.5  23.46   29.7    0.0     0.0  5.8    27.4  04.45   292.5
15     1.1    6.2  23.58   -6.5  06.29   33.3    0.0     5.8 13.3    77.2  22.50   135
16     6.6    9.8  14.54    0.2  23.59   24.0    0.0     3.6 15.0    86.9  00.00   225
17     3.9    8.7  08.47   -0.2  00.52   25.4    0.0     9.7  8.8    40.2  08.25   157.5
18     0.9    2.3  14.52   -0.4  11.25   31.3    0.0     7.6 18.3    72.4  12.20   157.5
19     0.4    2.2  15.30   -1.3  23.57   32.2    0.0     4.3 16.2    61.2  10.00   157.5
20    -0.9    2.3  09.05   -6.6  07.07   36.8    0.0     1.3 10.2    40.2  10.40   112.5
21    -2.8   -0.9  03.07   -4.3  19.21   37.7    0.0     0.8 17.4    41.8  00.22   337.5
22    -4.9   -3.9  13.54   -6.6  22.44   42.5    0.0     0.0 25.3    54.7  22.25   315
23    -5.1   -3.0  13.13   -6.6  03.01   41.7    0.0     0.0 22.2    49.9  04.37   315
24    -3.1   -0.1  13.03   -8.1  06.29   40.4    0.0     1.3  9.3    33.8  03.10   337.5
25    -3.7    0.6  13.57  -12.2  06.52   43.5    0.0     0.8  8.7    29.0  10.55   337.5
26    -0.6    4.7  15.38   -5.4  23.58   33.7    0.0     1.8  5.9    20.9  06.11   315
27    -4.9    3.4  16.47  -16.0  07.28   44.3    0.0     1.0  1.6    17.7  16.55   157.5
28     0.6    7.6  12.47   -5.7  07.05   31.3    0.0     0.0  5.3    27.4  17.45   157.5
29     1.9   10.3  14.47   -7.8  06.57   30.8    0.0     0.0  8.4    56.3  16.35   270
30     6.9   10.4  15.06    1.8  04.15   22.0    0.0     0.0 22.3    66.0  14.00   135
31     4.4    8.7  00.10   -0.2  21.27   25.4    0.0    14.7 20.0    64.4  00.05   135
01     2.0    4.5  16.00   -0.8  09.01   29.7    0.0     4.8 20.0    62.8  04.10   292.5
02     1.1    8.7  16.43   -7.1  07.57   31.6    0.0     0.0  6.0    35.4  15.54   157.5
03     4.8   14.4  13.21   -4.8  02.10   24.3    0.0     0.3  5.0    30.6  14.10   135
04     9.4   12.9  16.24    1.4  01.00   20.2    0.0     0.0 14.7    57.9  05.10   157.5
05     7.3   10.7  15.27   -1.6  23.59   24.8    0.0     0.8 11.1    54.7  03.00   270
06     5.0   10.6  16.26   -2.3  00.56   25.6    0.0     0.3 13.9    37.0  06.09   337.5
07     3.4   13.9  15.42   -9.1  07.02   28.6    0.0     0.3  4.6    29.0  12.55   135
08     7.3   15.5  15.36   -3.8  01.24   22.5    0.0     0.0  8.2    37.0  14.55   135
09     4.9   10.2  03.19    1.1  00.50   22.9    0.0    13.5 24.8    86.9  07.10   157.5
10     5.6   11.2  11.41   -0.9  23.59   23.8    0.0     0.0  7.3    41.8  14.22   270
11     6.0   10.7  11.37   -2.0  01.06   25.2    0.0     3.0  8.8    38.6  08.15   157.5
12     8.3   11.6  12.50    3.9  23.55   19.0    0.0     3.3 16.1    72.4  19.25   135
13     6.4   12.7  16.33   -1.1  23.59   22.5    0.0     0.0  7.6    35.4  02.55   135
14     4.8   12.9  14.51   -5.0  06.39   25.9    0.0     0.0  4.5    27.4  13.10   22.5
15     8.6   14.5  12.06    1.8  03.47   18.3    0.0     0.0  6.1    29.0  09.27   337.5
16     7.8   14.2  11.37    1.2  06.56   19.2    0.0     0.5  7.4    37.0  18.40   157.5
17     6.1   13.6  11.25   -1.3  04.30   21.9    0.0     3.6  8.1    29.0  12.20   0
18     7.3    8.5  16.42    6.4  08.12   19.6    0.0     4.1 14.6    33.8  00.57   315
19     8.5   13.3  14.22    1.0  23.12   20.1    0.0     0.0  8.6    25.7  15.25   337.5
20     7.9   15.4  15.07   -1.9  05.09   20.8    0.0     0.3 10.7    40.2  14.35   0
21     8.1   16.1  14.54   -2.4  06.37   20.7    0.0     0.0  4.6    33.8  15.32   22.5
22     7.6   16.5  16.50   -3.6  06.51   21.4    0.0     0.0  5.0    32.2  11.30   337.5
23     8.9   17.7  14.13   -3.2  06.33   19.9    0.0     0.0  4.9    25.7  14.10   292.5
24     8.7   18.5  14.08   -1.8  05.30   17.9    0.0     0.3  4.9    33.8  14.10   315
25     9.0   19.2  14.46   -2.9  06.10   18.3    0.0     0.0  4.4    32.2  14.10   315
26     8.0   18.7  14.57   -3.9  05.44   19.7    0.0     0.0  5.7    37.0  14.15   135
27     8.4   18.2  13.21   -5.8  06.25   21.8    0.0     0.0  8.1    51.5  14.00   135
28    10.1   18.3  14.06    0.4  05.04   16.1    0.0     0.0  7.0    40.2  15.05   135
29    10.7   18.3  13.42    2.0  23.57   14.8    0.0     0.0  4.9    30.6  13.10   157.5
30    10.1   17.0  11.27   -2.1  23.59   19.6    0.0     0.0 10.0    51.5  12.45   135
01     6.7   13.6  12.56   -4.2  02.36   24.6    0.0     0.8  5.9    30.6  15.05   157.5
02    10.1   12.1  14.15    5.8  05.37   16.9    0.0     0.3  9.0    53.1  12.45   180
03     8.3   10.4  15.47    6.7  23.27   17.6    0.0    27.9 12.4    56.3  05.07   0
04     7.2    9.7  11.18    2.3  23.30   22.2    0.0     8.9 11.3    41.8  14.16   135
05     7.0   10.8  11.21    1.6  23.59   21.8    0.0     4.8  4.5    35.4  15.25   22.5
06     6.8   13.3  11.04   -0.8  05.44   21.7    0.0     5.1  4.8    22.5  09.11   135
07     9.3   14.6  13.04    2.3  01.16   17.8    0.0     0.3  7.3    35.4  13.00   337.5
08     8.0   13.7  09.55    2.4  01.05   18.6    0.0    33.8  4.9    27.4  14.42   22.5
09     8.7   12.8  13.44    3.6  00.20   18.2    0.0     1.0  3.7    22.5  19.30   112.5
10     8.2   13.2  12.29    2.6  06.58   18.8    0.0    23.4  3.5    27.4  12.40   112.5
11     8.2   14.3  10.20    1.8  06.17   18.5    0.0    24.6  3.2    20.9  11.50   157.5
12     7.7   15.0  12.16    1.2  05.50   18.5    0.0     0.3  4.6    32.2  15.55   112.5
13     7.4   15.9  15.49   -1.7  05.47   20.2    0.0     0.0  6.5    38.6  12.12   67.5
14     7.8   12.3  14.35    1.2  23.42   20.8    0.0     0.5 12.1    49.9  18.06   180
15     4.0    8.4  13.04   -2.2  05.57   27.4    0.0     0.0  8.9    45.1  13.10   315
16     5.5   10.8  14.45   -0.3  01.13   23.6    0.0     0.3  6.6    40.2  13.40   112.5
17     6.5   12.3  15.58   -2.2  06.06   23.9    0.0     0.3  4.8    29.0  13.15   180
18     9.0   13.5  14.19    5.1  01.40   16.2    0.0     5.8  5.0    30.6  13.35   0
19     9.0   14.5  13.33    3.1  04.11   17.2    0.0     2.5  4.0    25.7  13.35   225
20     7.8   15.2  13.06   -0.7  06.02   20.0    0.0     0.0  5.0    29.0  11.45   45
21     8.1   15.8  11.39   -1.9  03.43   20.5    0.0     2.5  8.5    41.8  23.50   135
22    12.0   15.7  14.32    9.9  22.04    9.9    0.0     0.8 13.9    51.5  17.31   135
23    10.3   11.9  10.01    8.8  04.16   14.3    0.0    39.1  5.7    24.1  21.39   0
24    11.8   16.4  16.45    2.9  06.13   15.6    0.0     0.0  5.1    20.9  01.50   112.5
25    12.6   18.0  11.51    7.6  22.53   10.0    0.0     2.3  4.7    37.0  13.55   157.5
26    12.0   19.4  13.40    2.7  05.18   13.2    0.0     0.3  3.5    24.1  13.50   67.5
27    12.0   18.7  12.09    5.4  05.44   11.2    0.0     1.3  3.4    20.9  13.35   67.5
28    11.7   19.7  10.28    2.7  05.39   12.8    0.0     0.3  4.2    29.0  14.45   0
29    14.8   21.1  14.27    6.6  06.19    8.1    0.0     0.3  5.2    29.0  16.00   112.5
30    13.5   19.9  12.02    6.1  23.06    9.6    0.0    16.8  4.3    38.6  15.00   180
31    11.3   19.7  12.47    3.9  04.17   11.7    0.0     4.1  4.0    30.6  15.10   270
01    11.5   18.9  14.58    1.1  05.38   15.0    0.0     0.3  6.5    30.6  14.55   157.5
02    12.0   20.2  12.58    0.4  06.11   14.4    0.0     0.3  5.4    30.6  11.56   112.5
03    12.5   21.1  15.18    1.0  05.21   13.1    0.0     0.0  4.6    35.4  14.55   45
04    13.3   20.3  13.13    4.7  05.05   10.5    0.0     0.3 11.2    61.2  13.55   135
05    10.2   18.4  15.38    0.6  05.40   15.9    0.0     1.0  6.3    33.8  14.59   135
06    11.8   17.8  14.40    1.6  06.01   15.6    0.0     0.3  4.8    24.1  13.25   112.5
07    13.9   20.3  14.36    5.4  05.54    9.9    0.0     5.3  5.8    37.0  16.45   112.5
08    12.0   17.8  14.48    5.1  23.41   12.5    0.0     0.5  8.8    33.8  09.01   157.5
09    13.3   18.0  15.37    5.6  00.30   11.8    0.0     0.3 11.9    35.4  01.35   315
10    15.2   21.3  16.59    7.4  06.06    7.1    0.0     0.0  6.2    25.7  11.25   337.5
11    14.8   23.1  13.57    3.1  05.05    9.5    0.0     0.3  5.1    22.5  11.45   135
12    15.5   21.7  11.31    5.8  05.40    8.2    0.0     0.0 11.6    53.1  18.00   135
13    12.3   17.8  14.49    5.1  05.50   12.5    0.0     0.0  8.1    35.4  14.20   157.5
14     9.8   15.1  13.08    2.9  05.51   16.8    0.0     0.3 10.1    33.8  23.45   337.5
15    11.5   15.1  12.12    7.5  23.53   12.7    0.0     0.0 14.1    35.4  00.00   337.5
16    11.1   15.9  17.59    3.4  05.39   15.6    0.0     0.0  9.3    25.7  09.55   337.5
17    12.0   17.0  12.08    2.8  06.00   15.2    0.0     0.0  6.1    25.7  17.10   0
18    12.2   16.6  13.15    3.3  04.54   15.2    0.0     0.0 12.7    33.8  14.35   315
19    13.8   17.3  16.30   10.8  22.48    7.7    0.0     0.0 17.5    37.0  00.30   337.5
20    13.4   17.7  13.11    5.8  23.24   11.8    0.0     0.0  6.8    32.2  16.16   337.5
21    11.8   19.6  13.01    1.2  06.11   14.3    0.0     1.3  4.1    27.4  13.10   292.5
22    13.9   20.2  17.22    3.5  05.43   11.7    0.0     1.5  8.6    32.2  11.50   0
23    10.1   12.9  00.00    4.9  23.59   17.0    0.0     9.1  9.7    37.0  02.30   337.5
24     8.8   14.4  14.28    1.8  02.22   18.4    0.0     0.3  8.8    33.8  10.25   0
25     7.3   15.2  12.29   -2.9  05.55   21.9    0.0     0.8  8.6    40.2  15.14   0
26     9.7   12.3  18.02    6.8  02.27   15.8    0.0     0.5 18.6    43.5  18.00   337.5
27    10.3   13.3  11.23    6.7  05.57   15.0    0.0     3.3 21.5    49.9  11.25   315
28    11.6   15.2  12.58    8.0  01.19   12.1    0.0     0.0 15.8    45.1  07.00   337.5
29    12.9   17.8  16.20    5.8  05.48   11.8    0.0     0.5  8.1    29.0  12.10   337.5
30    16.0   20.4  16.26    9.2  23.53    6.4    0.0     0.0 10.2    37.0  05.58   337.5
01    14.3   21.9  11.15    4.7  05.53    9.0    0.0     0.3  5.1    27.4  12.10   157.5
02    13.6   23.4  13.48    1.3  05.35   10.8    0.0     0.0  7.9    38.6  16.40   112.5
03    12.7   20.8  11.20   -0.3  05.46   14.6    0.0     0.3  5.9    25.7  12.45   112.5
04    14.2   21.8  14.46    5.2  05.32    8.8    0.0     0.3  5.0    27.4  16.40   112.5
05    15.2   26.0  16.03    1.1  05.08    8.6    0.0     0.0  6.2    41.8  13.40   90
06    11.8   22.2  16.21    0.3  06.14   12.8    0.0     0.3  4.5    33.8  12.10   112.5
07    13.7   20.0  15.01    2.7  05.51   12.5    0.0     0.3 10.2    33.8  11.45   337.5
08    14.2   19.6  13.59    8.1  02.51    8.2    0.0     0.0 10.6    40.2  12.05   337.5
09    13.4   19.5  16.11    4.7  23.56   11.2    0.0     0.0 12.7    41.8  06.55   337.5
10    11.1   21.2  14.37   -1.3  06.07   15.1    0.0     0.0  5.4    27.4  12.25   90
11    13.2   21.4  14.20    1.3  04.35   12.6    0.0     0.3  6.5    38.6  18.50   270
12    14.7   22.9  16.08    3.8  06.11    8.9    0.0     0.0  5.6    25.7  16.30   337.5
13    13.6   22.6  17.18    1.1  06.00   11.8    0.0     0.3  5.3    29.0  10.30   0
14    14.7   24.3  14.07    0.9  06.14   10.3    0.0     0.0  5.4    29.0  16.20   337.5
15    14.1   23.3  11.29    6.2  06.11    6.4    0.0     6.1  4.1    33.8  12.05   67.5
16    16.6   26.2  12.50    5.7  06.10    4.2    0.0     1.8  9.2    46.7  16.50   292.5
17    16.3   20.0  16.27   10.1  23.38    6.0    0.0    15.7 12.3    48.3  04.20   337.5
18    14.6   22.4  16.37    5.4  05.41    7.9    0.0     0.0  6.3    27.4  15.05   337.5
19    13.7   21.8  10.53    5.7  06.10    8.2    0.0    20.1  4.9    33.8  16.30   135
20    14.4   22.9  18.02    3.5  06.00    9.2    0.0     0.3  6.0    32.2  17.25   135
21    15.5   25.9  12.01    2.6  05.32    7.4    0.0     0.0 10.5    38.6  14.10   135
22    17.9   23.3  15.37    8.1  06.36    4.8    0.0     0.0  6.9    37.0  13.30   225
23    12.0   18.1  10.35    2.3  05.44   14.7    0.0     3.0 11.8    46.7  20.10   337.5
24    14.7   18.8  17.00   10.4  23.53    6.7    0.0     0.0 15.1    41.8  01.50   337.5
25    13.7   20.5  17.39    3.3  05.14   11.6    0.0     0.3 10.3    41.8  08.55   337.5
26    13.2   21.5  12.47    3.5  03.56   10.5    0.0     0.3  6.5    29.0  14.25   337.5
27    14.5   21.2  11.33    5.1  06.15    9.3    0.0     1.8  5.0    27.4  15.40   112.5
28    15.8   24.1  15.33    5.8  06.49    6.1    0.0     0.3  6.0    32.2  15.25   135
29    18.3   22.5  14.34   12.0  06.24    2.0    0.0     0.0  6.6    24.1  07.55   112.5
30    16.1   22.8  14.47    7.9  06.22    5.3    0.0     0.3  5.6    27.4  13.10   337.5
31    15.6   24.6  16.28    4.5  06.12    6.9    0.0     0.0  7.4    30.6  15.10   0
01    16.2   24.7  16.37    5.2  05.52    6.1    0.0     0.3  7.1    30.6  13.55   337.5
02    14.7   24.1  12.17    4.4  05.50    7.3    0.0     0.3  7.1    33.8  11.20   0
03    15.3   20.9  10.22    9.0  03.56    6.1    0.0     1.3  6.0    24.1  12.05   337.5
04    15.1   21.5  13.36    7.6  05.11    6.8    0.0     0.5  5.2    30.6  14.40   0
05    14.7   23.7  14.18    5.6  06.32    6.7    0.0     0.3  3.9    24.1  12.30   67.5
06    14.4   23.8  15.29    5.1  06.13    7.0    0.0     0.3  4.3    32.2  16.15   135
07    15.2   24.3  14.53    3.7  06.23    7.8    0.0     5.1  4.5    33.8  15.55   135
08    14.7   23.8  15.32    5.3  06.20    6.8    0.0     3.6  4.7    49.9  16.25   292.5
09    18.2   23.8  15.18    4.0  06.25    8.0    0.0     0.3  6.9    29.0  15.20   157.5
10    13.6   24.4  13.24    1.9  06.19    9.3    0.0     4.8  5.8    30.6  12.25   135
11    15.0   24.7  13.15    4.5  06.30    6.7    0.0     0.3  4.9    32.2  11.20   90
12    13.8   23.4  15.36    2.1  06.22   10.1    0.0     0.0  4.9    30.6  13.05   337.5
13    14.3   24.4  16.41    1.3  06.14    9.8    0.0     0.3  5.3    27.4  12.30   135
14    10.7   21.9  10.09    2.9  06.24   10.7    0.0     4.8  4.0    40.2  16.00   135
15    12.8   15.2  17.00    7.6  06.05   12.6    0.0     8.1  8.3    25.7  13.55   315
16    14.6   17.4  16.46    9.4  23.39    8.9    0.0     4.8 10.9    30.6  05.35   337.5
17    12.9   20.1  12.33    7.4  06.57    8.2    0.0     6.1  3.8    35.4  13.25   337.5
18    11.8   20.5  13.32    4.9  06.00   10.2    0.0     0.3  3.8    27.4  14.40   22.5
19    12.6   21.1  14.02    2.3  06.26   12.0    0.0     0.3  4.4    30.6  14.45   0
20    13.6   20.3  13.07    6.3  07.02    9.0    0.0     0.3  6.6    32.2  15.15   0
21    12.1   21.1  12.28    2.9  06.45   11.4    0.0     0.3  5.6    37.0  15.15   0
22    12.5   21.3  15.10    2.8  07.05   11.3    0.0     3.6  4.0    38.6  17.35   45
23    13.2   21.4  14.55    5.5  06.35    8.8    0.0     0.3  4.1    38.6  12.35   0
24    17.0   21.0  15.29    9.7  23.58    5.4    0.0     0.5  5.6    27.4  12.05   157.5
25    13.1   22.5  16.09    3.4  06.37    9.7    0.0     0.3  7.5    41.8  18.20   157.5
26    13.4   17.8  15.00    7.4  02.19   10.3    0.0     0.3  9.7    51.5  04.41   135
27     9.9   15.1  15.33    3.1  23.59   16.7    0.0     0.3 12.2    32.2  15.50   337.5
28     9.8   20.3  13.22   -0.5  05.45   15.2    0.0     0.3  4.0    22.5  13.00   270
29    11.3   21.2  15.13    0.0  07.03   14.0    0.0     0.3  3.6    24.1  13.05   135
30    12.7   20.8  13.40    4.6  07.27   10.2    0.0     0.3  4.1    29.0  13.55   135
31    12.3   22.7  14.23    3.1  07.02    9.8    0.0     0.3  6.3    38.6  11.45   135
01    14.7   19.0  14.23    6.7  00.34    9.9    0.0     4.3 12.7    56.3  09.25   180
02    12.0   17.4  13.55    4.5  01.46   13.3    0.0     0.5  9.7    43.5  16.25   135
03    10.2   17.3  12.30    0.9  06.12   16.6    0.0     4.6  4.8    30.6  12.05   90
04    10.8   18.6  13.55    2.2  04.36   14.3    0.0     0.3  5.4    30.6  09.50   337.5
05    11.0   18.6  13.41    1.3  06.50   15.0    0.0     0.3  3.9    20.9  13.35   135
06    10.6   19.3  12.23    1.3  07.02   14.4    0.0     1.3  4.3    40.2  19.35   90
07    11.4   19.2  12.22    3.4  05.54   12.7    0.0     3.0  5.4    30.6  12.17   45
08    10.1   17.1  17.20    1.3  06.20   16.4    0.0     0.3  3.5    22.5  13.10   90
09    11.3   18.7  12.14    2.8  07.01   13.7    0.0     0.3  2.5    17.7  13.05   157.5
10    11.7   19.8  12.28    4.1  07.12   11.6    0.0     8.4  3.3    22.5  11.35   90
11    10.5   20.8  15.18    0.6  07.47   13.8    0.0     0.3  5.0    30.6  13.50   0
12    11.0   21.7  15.00    0.9  03.39   12.7    0.0     0.0  3.7    20.9  11.10   45
13    10.6   20.9  11.46    1.0  04.43   13.2    0.0     5.6  2.7    22.5  16.00   135
14    13.2   19.8  13.03    8.2  22.58    7.8    0.0     3.0  2.4    22.5  15.55   180
15    12.1   20.2  12.20    3.7  07.12   11.5    0.0     0.8  3.0    27.4  12.00   180
16    12.5   20.0  14.25    4.7  06.36   10.8    0.0     0.5  3.8    24.1  15.05   135
17    11.7   20.4  13.31    2.8  07.03   12.1    0.0     0.3  5.3    29.0  15.35   157.5
18    12.1   18.8  10.27    5.1  00.42   11.5    0.0     1.8  3.4    24.1  16.00   135
19    11.9   17.5  12.44    5.8  04.52   12.0    0.0    11.9  2.6    19.3  10.50   112.5
20    14.3   17.7  13.01   11.5  23.59    6.7    0.0     2.5  3.5    22.5  13.45   67.5
21    12.9   18.7  14.42    7.9  05.35    9.1    0.0     0.3  3.7    22.5  13.10   112.5
22    12.1   20.2  14.26    4.2  07.10   11.0    0.0     0.5  3.5    27.4  14.20   112.5
23    11.3   21.3  11.47    1.3  07.01   12.6    0.0     0.0  3.8    27.4  14.10   112.5
24    12.9   20.3  13.10    6.2  00.20    9.1    0.0     0.0 12.8    41.8  02.25   337.5
25     6.3    9.5  13.35    2.8  22.09   22.0    0.0     0.0 18.7    40.2  19.38   337.5
26     4.3    8.7  14.57    1.6  06.24   23.7    0.0     0.0 23.3    49.9  11.35   337.5
27     8.3   14.0  12.51    1.2  04.14   19.3    0.0     0.0 14.0    41.8  12.15   337.5
28     8.4   16.5  14.46   -4.1  23.32   21.8    0.0     0.0  9.2    35.4  00.10   337.5
29     4.7   15.5  13.53   -8.7  07.15   26.8    0.0     0.0  8.6    43.5  12.00   0
30     7.1   16.5  15.42   -4.4  06.40   22.2    0.0     0.0  6.7    30.6  11.35   337.5
01     6.8   14.1  10.59   -3.6  07.22   23.5    0.0     7.6  9.4    51.5  20.50   135
02     7.0   11.9  11.46   -0.4  05.32   22.7    0.0     0.0  6.9    29.0  08.50   112.5
03     9.0   13.7  14.34    4.2  05.21   16.9    0.0     0.0  6.7    29.0  23.50   337.5
04     9.8   11.4  11.48    8.8  05.07   14.8    0.0     1.5  9.6    35.4  03.05   315
05     9.4   10.6  20.44    8.4  09.16   15.9    0.0     2.3  6.8    29.0  05.15   67.5
06    10.6   11.4  11.02    9.9  00.00   13.8    0.0    15.7 17.8    49.9  22.00   135
07    10.3   14.4  12.13    3.5  23.30   16.9    0.0     0.3  6.6    37.0  00.30   157.5
08     6.6   14.3  12.48   -0.6  07.10   20.6    0.0     0.5  2.7    22.5  12.35   90
09     6.5   14.5  14.19    0.9  05.34   19.1    0.0     0.5  2.0    17.7  14.30   292.5
10     7.3   15.7  14.16   -1.3  07.06   20.0    0.0     0.3  2.8    30.6  15.00   180
11     8.8   14.8  12.42    1.4  04.04   18.5    0.0     0.5  4.7    25.7  11.50   157.5
12     8.8   14.0  14.31   -2.8  23.59   22.9    0.0     0.5  5.2    37.0  11.55   337.5
13     3.5   15.1  13.48   -6.2  07.10   25.1    0.0     0.5  2.8    24.1  13.55   0
14     5.0   14.3  14.13   -4.2  07.38   23.9    0.0     0.3  3.2    24.1  13.35   202.5
15     9.4   10.6  22.36    7.8  07.37   16.5    0.0    11.4  7.9    38.6  13.30   180
16    10.8   13.4  14.50    8.2  22.09   13.5    0.0     2.8  5.7    37.0  08.25   157.5
17     9.7   14.3  14.51    2.9  06.56   17.5    0.0     0.0  2.8    19.3  12.00   180
18    10.3   13.8  15.38    1.7  23.48   19.1    0.0     0.3  5.3    24.1  13.10   22.5
19     5.7   15.4  14.59   -0.6  23.52   19.6    0.0     0.3  2.5    22.5  14.10   157.5
20     4.3   15.7  13.02   -3.3  07.28   21.8    0.0     0.3  2.6    19.3  11.45   337.5
21     3.9   13.3  12.03   -3.4  08.02   24.1    0.0    16.8  4.1    27.4  14.55   337.5
22     2.6    5.9  23.13    0.4  01.49   27.3    0.0    30.0 14.3    54.7  18.45   337.5
23     4.4    8.6  16.01   -4.4  23.59   29.3    0.0     5.1 16.7    46.7  01.20   315
24     7.3   18.9  14.09   -5.9  01.57   21.2    0.0     0.0  8.2    32.2  18.55   337.5
25     8.5   17.9  13.04   -1.8  07.03   18.4    0.0     0.0  4.8    30.6  22.15   292.5
26     7.8   16.8  10.57   -3.2  07.22   20.8    0.0     0.0  7.1    45.1  15.30   180
27    10.9   12.4  01.25    7.7  00.02   14.8    0.0    37.6 28.2    91.7  08.35   157.5
28    10.5   11.9  15.06    8.6  01.47   14.5    0.0    32.5 30.3    96.6  12.35   157.5
29     6.0    6.6  23.00    5.3  23.18   22.2    0.0     0.0 26.2    93.3  23.55   135
30     4.5    6.8  10.56   -1.2  23.33   28.0    0.0     6.3 19.2    90.1  02.25   135
31     4.5    9.7  22.00   -2.8  07.30   26.8    0.0     0.0 10.0    45.1  19.40   180
01     9.8   11.6  13.49    7.5  23.32   15.8    0.0    16.0 18.6    56.3  12.55   135
02     9.1   11.4  00.18    5.1  02.27   18.2    0.0    37.8 13.3    53.1  23.00   157.5
03    10.4   13.6  13.53    7.6  20.40   13.9    0.0     2.8 10.3    74.0  05.35   135
04     8.8    9.8  10.57    7.7  23.44   17.2    0.0     3.3 16.6    61.2  07.20   157.5
05     7.7    8.6  21.38    4.8  23.56   20.9    0.0     2.3 18.5    62.8  07.35   157.5
06     4.3   11.8  12.33   -2.3  20.54   24.4    0.0     0.3  6.7    41.8  22.05   135
07     5.0   11.3  13.07   -4.2  23.57   26.6    0.0     3.0  4.3    35.4  00.15   202.5
08     0.6   11.3  14.30   -6.9  06.16   29.1    0.0     0.3  2.1    27.4  11.35   135
09     0.1   11.5  13.08   -7.8  07.44   29.7    0.0     0.0  3.0    20.9  10.30   22.5
10    -1.1   10.9  14.02   -8.7  06.16   31.1    0.0     0.3  3.2    24.1  12.25   157.5
11    -0.7   12.9  12.18   -9.8  05.25   30.2    0.0     0.0  1.7    20.9  12.00   337.5
12     0.3   14.5  12.44   -8.2  05.50   27.3    0.0     0.3  2.0    19.3  13.40   337.5
13     0.8   15.2  12.53   -8.3  07.19   26.8    0.0     0.0  1.7    19.3  12.05   337.5
14    -0.0   12.0  14.18   -9.7  07.00   30.9    0.0     0.0  2.2    19.3  12.40   22.5
15     3.1    8.2  13.07   -4.6  03.09   29.8    0.0     0.3  5.4    24.1  21.50   0
16     2.3    5.4  01.04   -0.3  23.59   28.4    0.0     2.8 15.5    41.8  08.30   0
17     0.5    2.9  13.14   -0.8  23.11   31.1    0.0     1.3 13.9    33.8  21.05   337.5
18    -0.5    0.6  13.51   -2.5  23.55   34.7    0.0     0.3  8.9    30.6  07.50   337.5
19    -1.6    5.1  21.30   -7.5  04.39   35.2    0.0    38.4  4.4    51.5  23.50   135
20     5.2    8.2  12.36    2.0  23.43   23.8    0.0    55.6 13.0    56.3  00.20   157.5
21     5.1    9.7  13.59    0.1  02.43   24.2    0.0     0.0  6.8    37.0  06.45   315
22     1.9    8.5  13.58   -6.0  23.59   30.8    0.0     0.0  3.1    27.4  00.30   292.5
23     3.6    9.9  12.34   -6.2  00.02   29.7    0.0     0.3  6.4    53.1  21.05   180
24     7.6    8.8  00.25    4.7  04.02   20.8    0.0    22.9 18.9    62.8  05.35   135
25     7.0    8.2  00.00    6.2  17.03   20.1    0.0    39.9 17.4    59.5  11.55   157.5
26     3.5    6.6  00.06   -1.4  23.33   28.3    0.0     2.8 10.0    61.2  01.50   225
27     1.2    2.9  11.52   -0.8  00.00   31.0    0.0     9.4 16.8    45.1  21.00   337.5
28     0.0    2.2  13.43   -1.2  03.34   32.1    0.0     0.0 19.9    43.5  06.00   337.5
29    -2.1    3.6  13.56  -10.6  23.26   39.2    0.0     0.0  8.2    32.2  00.05   315
30    -3.2    7.4  12.08  -11.8  02.42   37.0    0.0     0.0  1.8    17.7  14.10   292.5
01    -0.4    5.0  12.19   -7.1  23.52   34.8    0.0     0.0  3.5    20.9  03.00   315
02    -1.9    8.9  12.21   -8.9  04.11   33.0    0.0     0.3  3.5    30.6  23.00   337.5
03     5.0   10.1  12.53    0.5  21.08   23.4    0.0     0.0  5.8    37.0  06.25   337.5
04     5.7   10.8  14.05    0.3  18.02   23.0    0.0     0.0  9.9    38.6  04.25   0
05     1.2    8.6  13.13   -7.2  23.21   31.8    0.0     0.0  6.6    30.6  00.50   337.5
06    -0.1    9.2  12.28   -7.4  00.26   31.5    0.0     0.0  3.6    22.5  20.00   337.5
07     0.7    9.6  12.20   -7.7  08.14   31.3    0.0     0.3  5.4    45.1  23.40   337.5
08     4.2    7.8  12.18   -3.0  23.59   28.7    0.0     6.3 17.6    70.8  03.21   315
09     3.2    9.7  10.34   -6.8  05.42   30.4    0.0     0.3 15.0    69.2  19.25   315
10     1.1    5.8  12.57   -3.3  19.54   30.8    0.0     0.5 14.9    43.5  16.00   337.5
11    -6.7   -1.1  05.02  -16.7  23.59   49.0    0.0     1.3  4.6    33.8  04.55   315
12   -17.0   -8.9  23.58  -25.6  08.08   64.0    0.0     0.0  0.3     6.4  17.35   0
13    -1.1    2.3  12.25   -8.9  00.00   39.0    0.0     3.6  7.2    38.6  07.00   157.5
14     2.4    4.2  05.17    0.2  21.52   29.1    0.0    53.6 15.1    53.1  05.15   157.5
15    -3.5    0.3  00.00   -9.7  23.56   41.4    0.0     0.8  8.0    29.0  17.40   0
16    -8.0    3.3  23.42  -17.7  08.22   45.9    0.0     0.0  3.9    54.7  23.40   157.5
17     0.7    5.6  06.59   -2.8  21.59   30.5    0.0    15.0 19.4    67.6  01.00   337.5
18    -4.3    0.1  14.04  -13.9  23.06   45.5    0.0     0.0 18.5    61.2  04.35   337.5
19    -8.1    2.6  14.23  -16.1  05.29   45.1    0.0     0.3  1.3    12.9  18.45   67.5
20     1.8    6.6  12.57   -7.1  00.02   33.5    0.0     0.0  6.4    45.1  02.00   270
21    -0.9    5.3  13.12   -9.4  08.06   36.7    0.0     0.3  6.9    43.5  17.30   0
22     5.8    9.2  10.58    2.3  01.03   22.7    0.0     0.0 21.0    66.0  10.20   337.5
23     0.8   12.4  13.00   -5.8  07.52   27.0    0.0     0.0  2.6    22.5  00.00   270
24     3.9   11.3  12.41   -3.4  04.24   26.0    0.0     0.8 13.5    61.2  08.30   337.5
25    -1.5    0.6  11.46   -3.2  07.22   35.3    0.0     0.0 22.9    69.2  22.04   0
26    -3.4    3.8  13.16  -10.2  23.47   38.8    0.0     0.0  8.8    29.0  03.10   337.5
27    -4.9    8.6  12.53  -11.3  06.49   35.4    0.0     0.0  1.5    19.3  13.25   247.5
28    -5.1    8.7  12.15  -12.3  07.16   36.2    0.0     0.0  1.3    20.9  13.10   0
29    -4.3    8.2  13.22  -11.8  06.45   36.2    0.0     0.0  2.0    16.1  15.15   0
30    -3.2    5.8  12.41  -11.8  06.06   38.4    0.0     0.0  7.8    29.0  21.55   0
31    -1.6    0.3  09.47   -3.1  23.49   35.5    0.0     0.0 23.8    66.0  20.20   0
01    -4.5   -1.4  16.23  -11.6  23.18   44.7    0.0     0.3 21.5    72.4  01.35   337.5
02    -5.5    0.9  10.01  -15.7  04.13   46.3    0.0     0.0 18.3    69.2  23.25   0
03    -7.8   -5.9  00.02   -9.0  14.10   46.4    0.0     0.0 36.3    88.5  18.30   337.5
04    -9.0   -8.1  23.51   -9.6  07.22   48.9    0.0     0.0 25.1    61.2  07.05   0
05    -5.0   -0.8  21.17   -8.1  00.00   41.0    0.0     0.0 22.6    54.7  20.40   337.5
06    -4.0    1.9  12.31  -11.3  07.33   41.5    0.0     0.3 13.6    46.7  01.20   315
07    -3.6   -0.5  12.16  -10.2  05.24   42.7    0.0     0.0 15.2    53.1  16.55   337.5
08    -3.2    2.1  12.31  -17.6  05.50   47.0    0.0     0.0 12.4    49.9  09.05   315
09    -2.7   -0.3  01.33   -5.1  19.42   37.8    0.0     0.0 10.7    32.2  14.25   337.5
10    -4.9   -4.0  12.53   -6.2  23.59   42.2    0.0     0.0 21.2    41.8  06.35   337.5
11    -5.5   -4.4  13.03   -7.8  03.54   44.0    0.0     0.0 15.0    38.6  15.35   337.5
12    -7.5   -2.8  23.04  -14.3  06.53   48.5    0.0     0.0 10.9    37.0  17.15   337.5
13    -3.6    3.6  22.37  -11.7  20.40   40.3    0.0     0.0 11.9    43.5  09.25   337.5
14     0.6    4.8  09.05   -4.8  22.27   33.0    0.0     5.3 18.5    67.6  04.15   337.5
15    -5.1   -0.7  01.28  -16.1  23.37   48.2    0.0     0.0 14.4    49.9  05.50   337.5
16    -4.6    2.1  12.25  -14.3  00.13   44.0    0.0     0.3  7.2    35.4  03.10   337.5
17    -5.8    3.8  12.31  -17.7  07.36   45.5    0.0     0.5 12.9    77.2  23.05   157.5
18     1.2    3.9  14.14   -6.1  23.58   35.0    0.0     0.3 10.0    69.2  12.00   135
19    -5.1    2.4  10.51  -11.8  23.46   41.5    0.0     0.0  5.0    46.7  09.36   180
20    -4.8    0.6  11.37  -13.4  01.30   44.6    0.0     0.0  7.5    38.6  21.50   135
21    -0.2    1.6  10.45   -1.1  19.39   32.5    0.0     4.8  8.4    32.2  23.45   135
22    -0.7    0.7  12.17   -3.1  23.21   35.2    0.0     1.3  8.6    48.3  19.00   157.5
23    -3.5    0.9  12.51   -8.7  22.46   40.0    0.0     2.0  6.7    40.2  07.35   180
24    -5.1   -0.8  16.10  -15.0  05.48   47.2    0.0     0.0 10.7    59.5  22.50   337.5
25    -3.9   -2.0  00.00   -5.4  21.41   39.7    0.0     0.0 32.6    59.5  02.10   337.5
26    -4.2   -1.1  12.12   -7.1  18.31   40.3    0.0     0.0 17.4    48.3  04.50   337.5
27    -3.1    5.3  11.17  -15.8  05.48   42.5    0.0     5.3 11.4    64.4  20.25   157.5
28    -1.4    2.2  00.39   -8.4  23.56   38.7    0.0     3.8 11.7    69.2  10.47   157.5
29   -10.4   -2.9  13.12  -18.7  23.59   52.4    0.0     2.8  0.9     9.7  00.45   135
30   -12.0   -1.1  13.34  -24.7  06.39   56.2    0.0     0.0  8.8    57.9  20.00   157.5
31    -1.0    2.5  23.30   -4.2  06.41   34.5    0.0     0.3 24.6    75.6  07.50   270
01     4.3    5.6  08.00    1.3  00.02   26.8    0.0    40.1 31.3   122.3  17.10   157.5
02     4.0    5.2  12.39    0.8  23.55   27.6    0.0    28.2 30.1   106.2  02.05   157.5
03     0.3    1.5  13.10   -2.2  19.51   33.6    0.0     3.3 16.8    61.2  09.30   157.5
04    -1.6    0.9  12.33  -10.1  04.38   41.2    0.0     1.0 13.0    33.8  13.25   337.5
05     0.7    4.2  14.32   -2.0  19.31   31.0    0.0     2.3 11.8    40.2  23.55   337.5
06    -0.3    1.7  13.38   -2.7  02.18   33.9    0.0     0.0 26.1    57.9  05.30   337.5
07    -4.7    2.5  14.49  -12.6  23.40   42.0    0.0     0.0  2.7    27.4  02.00   315
08    -8.3    3.0  15.13  -15.0  03.01   43.8    0.0     0.0  0.7    12.9  15.00   270
09    -6.7    4.9  15.06  -16.5  04.40   43.5    0.0     0.0  1.9    19.3  15.50   225
10    -0.2    5.7  15.19   -9.7  08.17   36.6    0.0     0.0 11.3    74.0  23.25   225
11     1.1    5.3  08.23   -3.6  23.59   31.5    0.0     3.6 23.6    80.5  01.35   315
12    -2.8   -0.8  13.04   -4.7  20.57   37.9    0.0     0.0 27.7    75.6  03.40   337.5
13    -3.9   -2.3  14.18   -5.3  19.37   39.8    0.0     0.0 29.6    59.5  21.20   337.5
14    -0.1    5.1  11.35   -6.8  03.46   34.5    0.0     0.0 21.0    53.1  00.05   337.5
15    -0.2    3.0  13.09   -5.9  05.30   35.6    0.0     0.0 24.2    56.3  18.15   337.5
16    -3.7    4.8  14.48  -14.8  23.31   42.0    0.0     0.0  6.3    29.0  01.05   315
17   -11.1    1.5  15.52  -19.2  07.35   48.9    0.0     0.0  0.2     6.4  02.30   270
18   -10.6    3.2  14.55  -18.9  07.47   47.2    0.0     0.0  0.1     3.2  04.28   157.5
19   -11.7    2.7  15.20  -20.4  07.23   48.9    0.0     0.0  0.1     3.2  10.58   157.5
20   -11.5    1.8  15.37  -20.8  07.12   50.1    0.0     0.0  0.3     6.4  22.30   157.5
21   -10.8    1.2  14.05  -19.7  07.30   49.7    0.0     0.0  0.2     6.4  14.20   90
22    -5.8    4.7  14.30  -17.3  07.30   44.3    0.0     0.0 11.1    61.2  22.55   0
23    -7.0    0.9  00.25  -10.2  11.39   41.3    0.0     0.0 43.9   112.7  11.30   0
24    -6.3   -3.3  15.15   -8.7  06.39   43.8    0.0     0.0 29.3    56.3  13.15   337.5
25    -3.7   -1.7  11.03   -7.6  04.15   41.3    0.0     0.0 28.8    78.9  15.05   337.5
26     0.6    4.7  13.28   -5.4  01.37   33.6    0.0     0.0 20.3    40.2  08.00   337.5
27     2.4    4.3  11.27   -0.3  21.24   29.4    0.0     0.0 30.8    64.4  08.20   337.5
28     2.2   10.7  16.02   -8.0  07.52   30.5    0.0     0.0  7.6    51.5  22.15   225
01     1.2    6.6  14.35   -6.1  07.27   32.5    0.0     0.0  3.2    30.6  01.35   337.5
02     1.2    4.7  14.27   -4.2  23.59   32.6    0.0     5.1 10.1    38.6  08.40   337.5
03    -2.9    7.0  12.53  -10.1  07.11   35.8    0.0     0.0  1.3    16.1  22.20   337.5
04     4.5   11.2  14.05   -5.6  00.26   27.9    0.0     0.0 10.1    59.5  19.15   247.5
05     4.7    7.4  12.26   -1.1  23.31   27.3    0.0     0.0  9.2    48.3  00.25   270
06     2.8    9.9  14.13   -6.1  07.43   29.5    0.0     0.0  8.5    82.1  23.45   180
07     7.8   11.1  09.28    2.8  23.56   20.5    0.0     0.0 23.7    75.6  13.05   157.5
08     8.5   11.4  13.11    3.2  00.03   19.9    0.0     0.0  9.7    37.0  10.10   247.5
09     6.1    9.7  14.53    1.3  22.15   23.0    0.0     0.0  8.7    43.5  05.05   292.5
10     4.3   11.6  12.29   -2.8  07.37   25.1    0.0     0.0  7.5    43.5  15.50   315
11     3.8    8.2  12.44   -2.8  23.31   28.2    0.0     0.0 11.9    67.6  23.35   292.5
12    -3.1   -0.8  15.53   -5.7  23.46   38.8    0.0     0.0 38.1    85.3  08.30   337.5
13    -0.9    6.8  13.09  -11.5  06.54   37.2    0.0     0.5  9.1    45.1  20.20   337.5
14     0.6    2.4  21.44   -2.4  18.39   33.0    0.0     0.3 16.3    49.9  11.30   315
15     4.4    9.1  22.44   -2.1  05.20   26.8    0.0     0.0 16.4    41.8  20.50   337.5
16     4.4   13.3  11.47   -3.1  23.37   23.8    0.0     0.0  5.9    38.6  01.40   0
17     0.9   11.2  13.57   -8.3  03.08   30.5    0.0     0.0  2.1    20.9  15.19   0
18     1.1   10.8  10.13   -8.2  06.02   30.6    0.0     0.3  4.9    38.6  11.30   292.5
19     0.9    5.7  12.55   -4.9  06.52   32.2    0.0     0.0  6.9    37.0  12.10   22.5
20    -0.2    0.6  13.16   -1.2  23.58   33.6    0.0     0.0 10.3    29.0  15.05   337.5
21     1.7    6.9  14.35   -6.3  05.19   32.5    0.0     0.0  8.5    25.7  12.35   337.5
22     2.2    9.2  13.24   -5.4  06.35   29.6    0.0     0.0  5.4    25.7  14.20   0
23     2.0   11.2  13.24   -5.7  06.25   28.1    0.0     0.0  5.0    33.8  12.15   0
24     2.2   14.2  13.06   -7.9  06.19   27.3    0.0     0.3  3.0    27.4  15.05   180
25     4.5   13.2  14.28   -6.4  06.21   26.9    0.0     0.0  9.2    40.2  19.00   315
26    -0.4    2.3  12.03   -3.5  01.28   34.1    0.0     0.3 12.3    37.0  18.20   337.5
27    -0.7    0.7  16.38   -1.5  04.52   33.8    0.0     0.3 15.4    33.8  08.25   337.5
28     0.1    4.1  14.52   -3.2  18.55   32.2    0.0     0.0 18.0    38.6  04.20   337.5